4145
0	1	0
2	3	1
4	5	2
6	7	3
8	9	4
10	11	0
12	13	5
14	15	6
16	17	7
18	19	8
20	21	9
22	23	10
24	25	11
26	27	12
28	29	13
30	31	14
32	33	15
34	35	16
36	37	4
38	39	17
40	41	11
42	43	18
44	25	11
45	46	19
6	47	13
48	49	0
50	51	14
52	53	20
54	55	21
56	57	15
58	59	22
19	60	13
61	55	21
62	63	15
64	65	6
66	67	23
68	69	7
70	71	24
72	73	25
74	75	26
76	77	13
78	79	27
80	81	0
82	83	27
76	84	3
85	86	20
87	88	14
89	41	11
90	87	14
91	92	0
93	94	11
95	96	28
97	98	7
99	57	29
100	101	22
68	102	7
16	103	30
104	105	12
106	107	31
108	25	11
109	110	7
73	111	28
112	113	7
114	115	8
116	117	32
118	119	0
120	121	7
122	103	33
123	124	34
125	40	14
126	65	35
127	128	3
129	111	18
130	131	36
132	15	6
133	134	6
135	86	37
136	137	23
138	139	23
140	141	17
142	143	38
144	145	39
146	147	4
148	149	4
150	55	21
151	152	40
153	154	7
155	156	0
157	158	7
86	159	41
160	10	4
161	22	0
162	163	42
164	37	4
165	75	43
51	166	7
167	168	44
120	131	23
124	103	33
10	169	0
170	171	9
172	173	4
174	175	45
73	176	28
177	178	46
179	180	34
181	90	14
182	34	33
131	183	27
184	25	11
185	186	4
187	167	8
14	65	6
188	5	27
189	190	6
71	191	19
118	192	2
193	194	47
195	196	48
197	2	43
198	65	6
199	200	11
201	202	49
203	204	50
65	205	51
206	207	52
208	209	53
210	211	7
212	196	6
14	196	6
213	190	6
214	215	38
216	186	4
217	218	36
219	65	6
220	221	43
222	149	4
120	223	14
224	37	4
76	225	13
10	160	2
222	41	11
226	227	14
228	229	48
230	231	23
178	232	1
233	73	54
234	53	37
91	235	0
236	141	17
237	238	11
239	37	4
240	241	41
242	26	7
0	243	0
244	245	55
170	65	6
246	39	17
247	248	36
249	65	32
250	251	28
252	253	7
254	255	34
256	257	36
127	47	13
258	65	38
21	259	36
260	261	56
262	263	57
89	264	22
90	87	7
73	265	28
71	266	0
267	268	7
269	41	11
270	271	21
272	273	27
274	275	20
76	276	3
277	278	22
279	280	42
281	0	24
282	283	6
284	276	58
285	200	11
286	55	21
287	288	14
289	12	59
118	191	19
8	215	38
290	291	45
63	8	7
292	293	14
294	295	3
296	266	49
180	297	14
26	298	12
299	279	33
300	41	11
301	302	60
303	283	6
304	65	61
86	203	41
305	306	0
307	126	62
60	308	41
309	310	36
311	85	63
312	313	7
10	314	0
315	316	64
208	317	38
318	252	14
319	86	20
73	320	28
108	321	4
322	323	65
253	75	38
324	252	56
325	302	39
326	119	23
327	75	22
328	0	24
329	41	11
10	330	0
331	140	66
332	333	20
334	175	45
91	22	0
322	200	11
335	65	67
298	75	43
336	41	11
73	337	28
321	338	19
88	339	14
2	340	40
341	342	68
110	109	7
343	113	7
344	345	66
346	347	55
348	349	23
350	190	6
351	41	11
86	319	41
78	275	20
352	229	45
353	65	6
354	355	36
356	357	69
358	107	31
359	360	36
283	361	41
362	363	56
35	34	16
364	103	16
65	365	1
366	367	22
368	369	18
370	371	2
372	284	70
373	374	14
375	332	23
376	377	63
378	379	71
380	113	15
381	382	23
170	383	24
372	384	58
18	47	72
133	65	6
385	386	23
305	198	0
233	73	25
162	343	29
328	171	9
387	87	27
167	388	73
389	82	23
231	65	6
390	391	59
359	360	23
392	190	6
73	393	28
394	75	43
262	395	31
18	77	72
396	15	6
397	398	7
149	222	2
10	399	0
110	41	11
400	401	64
242	402	23
73	403	28
404	17	15
405	406	74
37	244	0
249	407	32
408	409	22
295	410	75
411	412	13
413	414	32
98	415	14
416	417	19
71	387	0
10	78	0
418	419	23
138	420	7
186	185	2
421	422	58
423	354	27
304	65	76
424	425	23
426	107	31
71	399	0
34	279	16
26	132	12
427	428	34
429	430	19
206	162	16
431	342	27
432	433	18
324	434	56
10	105	0
435	436	13
309	382	23
437	15	6
438	439	32
440	441	1
442	118	4
443	444	0
445	47	13
446	407	77
178	447	1
265	448	78
71	198	0
449	450	0
451	283	79
452	41	11
178	453	40
454	455	55
456	73	54
34	162	16
457	458	80
354	423	36
459	460	7
131	65	6
461	462	11
463	25	11
385	464	7
465	55	21
360	466	6
467	229	38
297	180	14
468	469	81
295	336	14
470	73	54
116	471	32
472	473	18
474	475	36
476	477	23
478	479	20
480	136	27
481	446	6
482	73	54
483	484	74
225	485	82
241	240	20
319	295	55
486	487	83
488	489	84
66	490	4
491	103	52
492	286	85
493	494	58
392	65	6
495	496	2
497	13	86
498	73	54
499	82	36
26	500	12
501	502	1
503	86	20
402	196	6
36	504	7
279	505	16
222	40	7
75	12	1
254	506	34
58	103	30
88	181	14
507	104	27
508	509	23
510	511	1
512	53	20
513	514	22
515	13	86
516	517	0
518	99	52
519	520	31
521	186	4
522	75	38
523	257	0
226	524	7
409	525	87
310	309	27
34	526	52
527	194	47
249	283	32
91	78	0
528	25	11
529	530	8
139	440	6
155	191	19
531	446	6
532	304	40
358	533	27
73	534	28
535	25	11
536	475	12
263	262	23
195	537	48
526	99	52
505	526	52
529	538	8
218	217	50
539	5	55
254	540	34
57	8	14
7	541	75
542	6	88
336	543	75
71	544	0
545	546	40
547	548	23
549	107	89
550	175	45
551	552	14
553	107	31
29	554	90
301	73	54
555	459	7
179	556	34
339	90	7
557	76	91
558	73	54
559	147	4
466	560	1
99	363	29
392	196	6
339	88	14
249	561	32
562	55	21
563	564	92
565	566	55
416	191	19
567	25	11
62	420	15
568	340	62
390	569	59
21	570	7
34	571	52
572	73	25
573	200	11
99	103	52
574	575	28
576	178	6
577	578	49
220	446	6
579	580	75
60	296	82
581	466	61
582	583	2
584	585	23
586	53	37
385	587	23
588	65	67
589	590	93
591	309	94
592	86	20
382	26	9
593	594	71
35	162	16
595	596	95
468	184	68
85	597	92
598	350	0
599	302	60
63	41	11
162	206	16
502	77	13
449	563	0
600	99	52
601	487	83
321	417	19
18	6	8
456	73	25
88	90	14
279	602	42
477	53	20
279	518	16
21	603	12
390	604	59
463	605	4
606	73	25
552	607	14
491	162	16
608	609	7
73	610	28
411	388	73
611	612	56
90	88	7
613	200	11
614	65	6
615	82	96
188	616	37
516	225	47
121	120	7
617	440	32
618	619	3
620	621	53
118	314	0
622	623	15
624	625	68
431	605	24
626	627	82
184	118	4
628	53	20
629	630	15
631	453	40
66	632	36
91	119	0
73	633	28
162	103	16
634	635	24
636	25	11
219	196	6
154	637	36
638	146	34
638	125	34
118	469	0
431	639	55
390	640	59
641	200	11
642	283	6
160	643	96
644	645	3
646	479	20
231	0	24
355	141	17
133	283	6
543	592	23
647	466	6
648	196	38
649	161	4
92	190	6
490	212	0
373	374	7
650	651	23
652	464	94
305	653	0
654	546	38
86	477	41
655	446	6
196	656	97
401	400	1
657	466	6
123	658	34
659	196	46
153	25	11
18	107	72
660	25	11
661	662	23
91	52	0
663	664	3
665	666	81
148	200	11
432	433	53
667	107	31
668	73	54
669	162	30
235	670	98
240	671	41
672	248	0
47	673	90
476	674	99
675	603	23
31	41	11
73	676	28
677	55	21
678	200	11
679	190	6
109	680	100
660	493	58
681	41	11
57	113	7
682	683	72
506	162	30
447	684	40
91	685	2
686	55	21
369	73	25
687	55	21
688	689	50
690	13	101
691	66	75
371	25	11
692	693	15
694	695	102
696	73	25
445	302	39
626	697	90
90	88	14
120	130	7
213	466	6
529	698	103
693	41	11
699	13	104
700	266	23
161	266	0
701	55	21
702	703	1
647	440	6
680	173	4
21	704	36
705	706	22
694	707	102
123	75	64
190	440	40
708	709	105
710	73	25
711	578	23
295	336	7
449	437	0
712	196	76
524	227	7
588	263	57
713	225	106
714	560	8
715	107	31
314	283	6
716	717	40
21	394	12
0	213	0
618	718	3
57	719	7
326	720	22
721	160	7
722	723	7
724	725	107
726	79	108
714	435	8
252	727	14
510	391	1
728	122	15
29	626	90
99	729	29
362	277	56
659	238	11
95	730	28
657	416	24
731	71	4
732	733	19
734	735	109
387	736	27
737	55	21
133	15	6
599	411	110
409	271	21
738	739	111
740	73	25
319	158	55
741	26	7
282	65	67
739	742	23
731	724	23
569	409	64
260	743	56
5	4	4
659	155	4
744	75	112
457	458	113
309	514	22
589	745	15
717	55	21
746	10	4
747	73	54
343	112	7
116	190	32
748	394	23
424	75	38
749	750	14
460	459	7
751	271	21
752	490	24
222	279	114
228	175	48
649	753	23
442	605	4
21	225	106
629	109	15
754	755	83
756	15	6
17	16	75
21	78	12
757	55	21
758	339	7
226	227	7
759	555	7
760	409	38
761	580	75
8	113	7
762	763	36
744	384	58
764	765	38
766	55	21
187	767	103
118	169	0
115	768	3
739	742	36
769	675	100
65	770	1
771	96	115
92	0	24
772	773	6
774	92	36
35	669	29
63	57	7
775	73	54
776	436	13
777	73	54
481	196	6
166	639	7
778	625	65
779	780	116
781	782	50
99	518	52
109	630	7
783	73	54
396	784	113
26	785	12
786	73	54
505	787	42
788	789	22
522	790	38
18	791	8
171	225	106
322	792	117
793	420	7
7	41	11
65	304	1
794	795	3
491	279	16
796	727	3
576	283	6
797	798	24
799	87	7
254	602	34
326	800	23
90	181	7
305	22	0
801	55	21
26	802	12
376	509	10
803	804	22
568	805	106
806	250	118
807	65	67
808	809	23
810	630	100
116	511	32
811	327	119
812	813	7
423	86	20
374	373	7
336	295	14
814	250	118
600	526	52
246	75	43
815	816	50
817	818	3
226	85	23
819	26	7
131	183	57
254	820	34
155	821	0
404	822	15
91	11	0
694	823	102
381	824	7
731	161	4
825	826	38
413	196	32
827	111	18
261	466	46
392	446	6
617	196	32
228	286	48
448	73	25
828	9	4
459	759	7
336	450	36
829	202	23
524	226	14
693	200	11
729	41	11
830	41	11
497	379	3
279	162	16
328	446	6
670	235	36
260	739	56
831	570	9
252	119	23
736	832	7
719	57	7
76	833	3
834	835	55
796	412	13
387	118	24
836	490	24
837	73	54
563	65	67
118	838	19
71	189	0
103	787	42
696	73	54
103	491	52
260	839	56
249	471	32
206	505	52
106	86	20
647	178	6
840	250	118
86	85	41
118	419	0
841	55	21
318	253	7
0	14	0
180	9	4
680	842	4
843	844	120
99	623	42
160	721	7
675	41	11
171	80	4
285	322	75
308	199	27
845	180	34
86	628	41
75	115	1
846	103	30
118	847	0
21	848	12
849	203	81
850	15	6
851	805	106
235	161	24
810	286	38
852	151	38
6	853	13
268	267	7
502	673	13
854	855	22
21	20	12
42	856	18
857	506	65
179	858	34
859	787	34
860	55	21
410	547	65
73	233	28
155	310	0
404	861	15
249	190	32
411	673	13
832	736	7
62	810	15
862	55	21
778	625	121
863	516	4
118	156	0
93	771	38
480	252	55
330	39	17
427	830	34
686	864	40
865	866	55
867	477	36
868	190	122
634	196	6
155	665	19
869	870	99
176	73	54
73	775	28
17	200	11
756	395	31
871	25	11
65	126	1
109	630	123
872	29	13
73	448	28
873	443	4
189	15	6
526	34	52
606	302	60
874	381	14
875	459	7
876	439	40
433	73	25
220	190	6
877	200	11
541	41	11
594	25	11
772	446	6
878	381	7
879	880	18
103	35	16
857	881	65
516	882	2
80	1	0
87	339	7
883	118	4
73	209	28
884	288	14
192	84	7
808	885	23
886	409	26
189	65	6
515	326	3
36	71	4
887	71	4
888	617	124
318	253	14
655	283	6
889	744	58
849	890	68
56	828	15
891	25	11
826	892	1
874	878	7
509	377	10
290	2	45
682	47	72
893	73	54
424	894	4
895	190	6
525	250	118
23	635	24
743	41	11
896	897	122
125	518	30
425	119	63
898	55	21
899	736	50
900	901	125
727	415	7
902	91	4
903	71	4
343	904	22
62	630	15
635	158	2
126	65	61
266	466	6
361	65	6
576	466	6
630	109	75
905	267	7
906	697	13
783	73	25
531	196	6
259	275	20
87	90	14
77	683	90
272	446	67
430	907	68
76	908	3
726	635	24
62	745	15
909	910	40
731	671	23
911	86	20
912	913	65
295	52	23
188	5	55
309	902	7
229	914	1
423	915	17
464	386	23
725	916	11
917	55	21
155	231	0
918	446	38
919	55	21
649	753	36
920	73	25
445	698	3
34	363	29
21	321	4
655	65	6
921	21	9
922	923	15
437	466	6
35	924	42
236	65	67
925	147	4
926	499	3
703	702	126
927	91	4
928	5	7
482	73	25
929	930	94
931	155	4
552	551	14
56	7	15
18	127	8
854	220	23
605	637	0
188	4	24
625	932	22
694	933	102
934	935	102
936	579	123
101	55	21
413	407	32
41	937	127
938	804	64
685	557	7
281	466	6
851	755	83
281	446	6
529	445	8
939	940	36
260	110	56
874	824	14
624	247	68
941	55	21
741	242	7
942	943	1
735	279	33
196	888	97
181	799	7
640	13	104
227	944	36
438	190	32
378	351	71
945	39	17
104	946	84
162	35	16
196	205	97
140	947	98
948	949	122
118	22	0
187	6	8
722	147	4
268	905	7
539	312	27
950	885	23
8	719	14
630	110	100
553	196	67
951	73	25
153	637	95
223	952	38
1	26	27
953	831	23
259	10	24
546	954	1
544	10	24
767	645	58
642	487	83
12	13	101
590	955	15
956	65	6
571	34	52
957	75	38
294	958	3
959	960	1
762	763	23
758	181	7
0	303	0
155	237	2
131	283	6
961	41	11
962	362	120
963	13	86
714	964	8
118	23	0
799	965	91
966	283	6
967	73	54
968	969	7
662	159	128
483	970	74
739	580	7
615	68	7
162	99	52
971	25	11
620	621	18
972	65	32
973	73	54
974	73	54
18	975	8
976	977	106
87	181	7
295	634	23
467	978	23
249	440	32
979	660	3
980	981	39
30	982	7
390	983	59
149	984	2
103	162	52
950	985	117
722	986	7
758	799	7
296	533	65
639	166	14
959	987	1
988	55	21
147	986	2
466	581	1
989	990	1
991	158	7
992	15	6
993	994	129
132	283	6
995	73	25
92	196	6
17	491	30
17	279	114
71	601	0
477	867	108
996	283	130
997	141	17
181	799	14
998	521	68
849	999	68
227	576	23
155	838	19
856	73	25
260	1000	56
358	71	24
652	15	6
353	440	6
1001	21	7
431	51	27
584	1002	23
35	103	16
10	133	0
517	275	20
1003	73	25
1004	55	21
305	423	0
283	1005	131
1006	747	115
80	139	0
103	526	16
531	466	6
956	15	6
420	138	7
634	107	31
813	762	14
209	73	54
71	665	19
1007	157	55
635	1008	2
283	15	40
830	279	33
1009	106	23
220	65	6
73	1010	28
91	332	0
102	68	7
340	1011	1
339	87	14
1012	1013	50
795	1014	58
274	141	17
1015	13	132
846	200	11
277	278	38
632	8	50
1016	190	6
895	466	6
10	838	19
657	65	6
37	1012	0
70	155	24
708	709	27
969	41	11
1017	1018	40
1019	15	6
505	1020	42
421	65	46
130	798	4
1021	55	21
8	215	26
460	555	14
313	565	36
18	560	8
114	307	8
835	834	36
1022	25	11
73	856	28
158	991	7
247	118	4
162	518	52
849	336	68
362	1023	56
1024	426	23
714	1025	8
105	118	24
1026	1027	37
91	105	0
1028	75	112
1029	1030	78
187	28	8
601	86	20
114	76	8
1031	86	37
387	275	20
415	514	38
1032	446	6
281	65	6
410	295	75
669	200	11
582	1033	2
790	791	1
1034	918	56
231	39	17
1035	200	11
798	873	2
99	925	29
305	1036	0
1037	446	6
249	1038	32
1039	41	11
1040	25	11
1041	75	133
10	92	0
257	256	27
693	99	30
187	144	8
18	325	8
142	143	22
878	381	14
18	983	8
157	894	4
12	302	39
811	781	23
1042	73	54
1043	73	25
578	1044	43
235	689	50
1045	1046	21
556	689	14
1047	264	38
132	196	6
1048	73	25
568	107	134
73	967	28
632	65	67
65	656	97
162	1049	52
759	1050	135
162	518	16
1051	1052	136
118	1053	0
1054	346	36
747	73	25
495	194	47
534	73	25
195	190	48
223	1055	14
1056	200	11
1057	107	31
984	1058	38
714	644	8
91	899	0
599	1059	137
1060	120	68
254	1061	34
73	1062	28
1063	1064	36
804	938	1
206	35	16
1065	279	33
10	1036	0
1037	466	6
451	196	67
1041	1039	34
76	583	3
1066	1067	28
134	888	97
1068	722	65
79	78	49
140	784	80
584	655	23
739	580	14
437	446	6
196	1069	41
423	354	50
733	750	68
607	552	7
830	200	11
112	343	14
1070	1071	4
642	91	24
118	198	0
346	1072	27
251	1073	118
1074	22	23
1075	48	4
972	283	32
144	29	13
1076	1077	15
694	1078	102
1079	302	39
31	982	7
1080	545	1
31	1081	7
825	196	38
1082	41	11
155	847	0
705	1083	4
727	252	7
192	91	4
852	758	7
625	778	75
18	1084	8
911	1044	43
18	1085	8
484	75	62
1086	73	25
118	131	0
1037	13	132
797	1087	138
183	118	4
0	281	0
746	1088	96
73	1089	28
585	107	31
645	25	11
1090	25	11
1091	55	21
1092	55	21
282	466	6
460	555	7
76	1093	3
1094	645	58
1095	736	50
849	259	81
1096	904	139
133	466	6
1097	1098	140
574	1099	28
902	319	49
1100	55	21
86	14	41
390	1101	74
564	118	4
253	318	14
1102	78	36
353	196	6
73	995	28
1103	65	6
105	91	24
1104	631	38
1105	107	31
1106	86	20
1107	39	17
18	626	72
279	1108	42
181	852	14
170	333	20
1109	73	54
582	767	2
131	1110	6
91	70	0
634	283	6
10	848	0
529	796	8
702	1111	1
182	41	11
552	551	7
1112	584	55
1113	73	25
779	190	6
353	15	6
1114	639	3
1115	1116	36
583	422	58
353	446	6
922	280	15
189	91	24
382	774	50
92	439	6
1055	355	36
744	94	11
428	1117	141
246	915	17
819	26	14
1118	196	46
459	460	14
309	490	4
584	1112	23
364	35	16
305	119	0
181	88	7
224	1058	22
708	192	138
1119	1120	126
540	1121	4
1122	810	100
1123	86	20
260	1124	56
123	255	34
305	332	0
827	111	53
153	1125	14
459	555	7
73	482	28
198	466	6
814	1126	118
424	1075	7
445	697	13
1127	984	2
596	595	27
934	933	102
1128	302	39
147	579	2
1102	1053	23
273	446	22
1129	225	47
1130	1131	3
210	1132	11
86	311	41
444	446	6
73	696	28
1089	73	25
282	333	20
243	15	6
490	14	0
268	905	14
73	1133	28
361	446	6
231	446	6
957	75	22
1134	41	11
557	685	14
91	592	0
363	279	33
579	99	114
765	984	129
334	501	45
187	560	8
252	318	14
443	628	0
390	1128	59
99	877	29
591	636	92
714	872	8
78	237	98
1135	484	14
1136	188	141
1137	239	69
501	870	142
1138	196	67
87	90	7
625	798	4
1139	55	21
547	649	75
1140	343	7
982	31	7
130	120	14
1141	841	40
591	636	94
719	57	14
37	319	0
1142	245	14
442	342	7
1143	86	37
273	516	4
116	876	32
116	440	32
26	399	12
376	509	128
183	41	11
354	978	36
339	90	14
249	117	32
73	606	28
443	1144	2
116	1145	32
1142	514	38
443	731	2
1112	318	27
656	1146	143
123	1047	34
344	1147	66
996	196	130
636	41	11
420	138	14
849	8	68
426	86	20
1148	0	24
614	190	6
478	1013	50
705	218	23
203	86	20
1149	466	67
1150	55	21
1151	47	13
336	326	65
697	467	82
985	813	7
54	862	40
97	415	7
712	196	35
885	199	50
216	645	58
71	314	0
1146	196	32
136	727	7
415	98	7
43	73	25
286	870	142
1075	911	23
187	569	8
541	103	33
1152	1153	76
1154	1155	34
343	206	30
1156	833	15
33	75	26
466	1157	144
1006	1158	85
354	1159	4
1068	180	7
10	708	0
396	196	6
1160	643	23
1088	499	116
1161	660	82
246	38	63
326	75	38
518	787	42
1029	73	25
99	526	16
457	283	6
383	632	0
913	912	65
518	162	16
30	982	14
7	505	30
226	311	36
985	546	38
944	1162	20
473	73	25
885	240	20
1163	936	145
10	189	0
14	86	20
1031	1164	55
227	1165	23
788	1166	23
18	12	8
303	21	9
655	1110	6
1167	619	7
243	446	6
580	739	7
1168	1059	137
281	26	9
798	332	0
1169	1170	57
591	1171	94
449	1172	0
263	753	36
26	399	36
91	192	2
437	65	6
1173	779	23
1127	222	2
1174	1175	27
336	800	23
113	1140	14
423	39	17
655	196	6
323	25	11
722	279	114
212	458	80
1176	561	40
206	103	52
38	597	57
430	122	68
187	604	8
470	73	25
404	923	15
656	617	143
549	1177	55
1010	73	54
219	190	6
123	122	34
93	25	11
254	1082	34
1178	55	21
1056	41	11
466	1179	1
91	23	0
34	103	52
73	1180	28
991	957	7
166	51	7
249	466	32
1181	73	54
501	1182	1
175	870	142
79	75	38
635	1183	2
103	526	52
512	275	20
969	968	7
447	178	61
1184	1004	1
449	653	0
328	190	6
162	924	42
195	471	48
714	1185	8
399	487	83
161	156	0
544	487	83
978	86	20
1028	71	4
614	196	6
403	73	54
948	949	140
138	1065	7
1186	65	6
1187	65	146
803	804	38
73	951	28
1172	474	57
1024	490	4
30	31	7
42	856	53
1077	99	30
334	229	45
26	242	7
130	27	23
35	505	52
1188	869	56
895	446	6
1029	72	78
390	963	59
187	19	8
668	73	25
18	1189	8
164	1142	14
547	323	65
118	189	0
714	1085	8
847	184	27
738	309	111
1190	73	54
281	196	6
606	73	54
392	15	6
19	436	13
279	35	147
1191	493	14
1192	446	6
43	73	54
152	514	40
1193	55	21
379	91	4
510	471	1
1194	196	67
1195	108	57
65	644	1
71	468	19
986	722	7
26	262	12
1196	708	36
1153	1197	1
758	339	14
246	395	31
880	73	25
312	539	135
1198	141	17
75	943	1
1173	41	11
252	318	7
1199	41	11
798	170	0
71	592	0
187	411	8
1200	754	74
254	833	34
181	339	7
355	354	27
850	66	57
1201	73	54
87	852	14
35	787	42
435	554	13
375	286	38
1194	283	6
123	363	34
859	602	34
548	1202	20
87	758	7
51	639	14
305	131	0
504	547	7
705	161	4
1203	161	4
715	118	24
993	196	76
51	1204	23
390	12	59
348	753	23
672	1036	0
867	48	4
88	852	14
443	36	2
305	666	0
626	60	90
252	547	14
181	758	14
1205	302	60
1060	121	68
251	1066	118
605	153	2
419	275	20
778	625	75
328	65	6
63	719	7
76	1206	13
245	244	36
1207	196	46
133	446	6
1208	514	112
76	168	44
642	1005	113
75	994	129
191	156	81
849	295	68
1209	302	60
195	134	48
389	215	22
162	206	52
549	275	20
307	77	13
879	974	18
258	1210	11
394	1211	105
657	446	6
449	1015	0
10	235	0
614	283	6
1212	55	21
0	92	0
279	556	42
301	73	25
493	1213	70
399	26	9
219	446	6
1214	623	42
349	171	9
1215	1190	115
996	466	130
130	120	7
213	65	6
468	21	68
3	271	21
254	877	34
689	146	7
363	41	11
244	333	37
1107	1216	27
694	1217	102
1037	196	6
372	1218	91
842	430	19
647	283	6
544	275	20
619	1219	7
340	1220	1
552	628	23
76	154	3
675	1136	100
1221	53	20
259	487	83
816	815	36
1087	797	36
1138	196	6
526	103	16
243	196	6
118	1204	0
129	466	46
1222	1223	57
1156	810	15
756	275	20
518	162	52
466	315	148
1053	487	83
693	279	33
722	118	4
1072	346	36
829	140	23
1224	94	11
1225	86	20
289	938	59
480	727	27
88	87	14
1076	280	15
937	99	114
838	594	68
1226	107	31
543	336	65
835	1227	11
1172	474	27
260	1228	56
1229	39	17
276	25	11
26	1230	12
1072	347	7
86	394	41
443	1222	0
994	625	75
1231	1232	50
1233	302	39
87	118	4
184	847	36
833	41	11
571	99	52
1234	340	38
1137	1235	69
1062	73	54
212	15	6
125	222	7
350	283	6
1194	440	6
556	146	7
73	880	28
1236	685	57
1055	223	14
758	87	7
1237	1238	125
469	499	116
937	99	30
1239	525	53
1240	73	25
305	170	0
1241	702	40
603	1242	50
231	283	6
60	225	90
115	75	64
155	92	0
472	75	38
75	515	1
1243	55	21
556	367	26
1019	65	67
1244	1245	23
1246	298	23
195	117	48
104	834	84
818	899	23
207	206	52
1	915	17
249	178	32
64	26	9
99	579	29
364	279	16
382	65	67
1247	55	21
403	73	25
396	65	6
1146	656	149
526	99	16
1112	584	27
1138	107	31
1248	1249	109
1137	648	69
411	1250	39
1114	1251	13
1252	533	68
663	168	44
62	109	15
735	103	30
1253	747	18
1254	493	15
223	120	14
459	875	7
1255	65	46
630	149	4
76	312	3
179	961	34
1081	982	7
227	226	14
685	196	150
1256	25	11
640	302	39
666	71	24
1257	1258	64
680	215	38
554	29	90
1259	73	54
1260	1058	22
1034	1261	136
87	799	7
746	68	7
18	412	72
318	1165	23
697	626	90
48	225	47
555	460	7
286	1262	1
1263	178	22
35	103	52
431	51	55
1050	460	27
21	118	4
1186	283	6
1085	29	13
982	1081	14
73	1264	28
1265	25	11
348	382	23
18	1266	8
319	902	27
228	340	48
788	807	23
118	26	2
251	6	110
332	375	27
323	547	65
71	1107	0
992	65	6
107	1267	151
526	600	16
14	440	6
1268	1269	38
410	514	38
929	1265	92
19	1270	3
848	487	83
994	614	23
512	1202	20
227	295	7
159	65	67
62	1077	15
51	431	36
679	466	6
1033	582	4
92	774	50
426	1024	27
1271	73	25
961	200	11
1272	190	46
103	828	42
1258	271	21
923	103	30
798	345	0
206	636	29
76	222	3
73	1043	28
327	811	119
1066	1273	28
118	1274	0
252	727	7
70	275	20
169	635	24
1275	771	64
652	178	6
231	819	92
500	26	9
445	861	3
250	525	28
1276	440	152
1277	271	21
311	86	20
618	145	39
162	33	42
208	317	22
266	296	27
1278	1279	23
8	632	36
474	49	36
718	1280	38
459	875	14
323	322	65
1281	275	20
1221	15	79
410	1204	36
100	101	38
91	1282	0
356	1283	69
381	874	14
1284	961	34
420	41	11
103	1108	42
875	459	14
201	1198	49
1051	1261	136
852	181	7
383	1015	0
591	1024	94
1013	1012	36
227	226	7
252	480	36
296	235	23
629	255	15
281	190	6
57	63	14
1097	1098	122
818	91	4
196	205	51
1266	412	13
430	761	68
1285	55	21
1286	1287	0
1288	755	83
36	443	4
1254	1213	15
157	437	36
1289	1074	117
1290	196	76
697	691	82
727	136	7
157	1291	23
303	196	6
1292	501	62
477	86	20
1293	1294	23
856	73	54
1295	269	34
986	820	58
372	445	91
1296	262	23
630	110	7
1297	200	11
144	626	13
989	1298	1
206	103	153
361	283	67
1299	250	118
1300	41	11
847	409	43
75	420	129
390	1301	59
1054	347	7
435	29	13
638	541	34
455	410	7
886	1020	154
469	118	24
488	1302	84
319	295	27
807	446	6
619	1167	7
733	112	68
91	1088	0
155	1196	2
1303	15	6
699	891	3
723	514	38
1304	1305	73
1203	1306	22
1286	592	0
1146	65	32
564	91	4
956	190	6
19	626	13
1307	271	21
445	77	13
519	65	67
10	156	0
1308	430	19
1086	1250	60
670	151	38
1309	586	36
5	928	7
0	944	0
1310	1209	53
189	196	6
1311	1312	68
808	1313	23
34	518	16
113	8	14
1081	982	14
763	894	24
1126	251	28
1314	1315	38
1065	138	7
103	1214	52
19	607	3
1316	444	23
513	71	4
8	57	7
118	1252	19
946	605	24
814	411	110
1317	829	7
671	240	20
118	601	0
1131	514	22
1103	196	6
224	1058	38
279	1318	42
103	206	52
647	15	6
518	35	16
130	71	4
87	339	14
244	333	20
65	107	155
468	643	81
1296	1165	23
413	440	32
1319	73	25
984	526	30
332	161	24
67	1211	105
110	630	100
0	131	0
26	20	12
1131	457	23
547	1012	23
73	1320	28
832	75	22
1103	15	6
793	151	38
684	178	61
758	88	14
931	169	36
0	355	0
342	431	36
245	1142	14
584	1321	14
1322	623	15
11	196	6
1323	190	140
1042	73	25
1324	1325	7
700	1326	22
629	556	15
10	726	0
827	1089	18
332	449	24
130	121	7
579	147	4
895	65	6
73	1327	28
1328	200	11
26	23	12
1329	149	4
1125	154	14
466	906	1
416	665	19
130	121	14
826	1330	1
365	1187	40
1331	55	21
390	1128	74
1138	283	6
1332	75	38
637	53	37
260	1333	136
156	283	6
946	1334	55
1335	595	7
526	518	16
161	358	0
31	982	14
420	200	11
398	1	36
65	307	1
52	295	27
557	685	7
1336	73	25
18	411	8
526	162	52
1216	1107	36
299	41	11
407	1046	21
339	88	7
438	440	32
843	1072	71
518	322	29
1072	1054	7
1011	910	126
829	227	7
1226	466	67
73	1030	28
140	1337	57
57	103	30
48	628	0
1338	25	11
203	21	9
807	178	6
1264	73	54
187	1101	8
103	571	52
92	446	6
691	66	123
1219	549	36
1149	65	67
196	1339	1
1329	1258	26
371	186	4
50	266	23
1340	65	46
390	560	74
724	446	67
140	107	31
10	468	19
528	1132	11
630	200	11
76	683	13
1019	65	6
1106	263	138
212	65	6
1340	384	58
665	578	81
437	283	6
1081	409	38
392	65	67
161	705	2
702	1241	40
1213	206	30
502	501	62
190	205	51
132	466	6
73	1181	28
9	430	19
842	761	2
820	41	11
526	571	52
1341	1342	131
377	509	128
285	41	11
890	170	36
829	1343	65
1344	106	23
1065	200	11
71	847	0
592	543	27
543	490	4
42	710	18
314	275	20
90	799	7
420	793	7
118	235	0
545	271	21
515	75	62
243	190	6
155	332	0
968	200	11
166	51	14
1043	73	54
102	601	96
446	359	129
1345	65	46
0	578	0
979	145	39
1137	1346	69
91	79	2
35	17	29
504	431	36
303	0	24
324	1347	136
142	1348	53
714	554	72
131	446	6
651	1349	17
8	41	11
881	25	11
1350	1351	89
444	196	6
156	305	24
329	1352	38
383	170	0
1353	430	19
223	120	7
556	689	7
18	76	8
78	10	24
407	65	77
5	836	23
1354	0	24
159	662	10
1068	679	23
997	75	43
761	1058	38
1231	597	92
120	121	14
547	504	7
1355	25	11
1214	103	52
251	1126	118
390	1262	59
86	1225	41
196	712	1
802	75	43
996	755	83
1137	1356	69
296	1357	38
861	200	11
1358	122	2
496	535	58
355	1055	27
396	1359	67
40	505	30
533	25	11
297	41	11
1329	41	11
651	650	27
499	469	36
133	75	6
249	414	32
934	1360	102
587	107	31
797	1087	27
130	911	23
0	1354	0
849	355	81
303	466	6
35	279	16
591	636	105
181	339	14
216	25	11
84	192	7
424	1194	23
1361	283	6
86	1192	41
21	704	12
1137	1362	69
65	532	1
187	618	8
96	6	110
1130	302	39
91	642	0
450	395	31
162	491	16
494	41	11
874	878	14
593	180	71
10	1225	0
71	239	2
362	1136	56
645	1255	58
380	343	15
532	65	61
27	263	138
394	107	31
727	136	14
18	1363	8
51	50	7
76	153	3
1058	55	21
409	221	40
71	235	0
526	35	16
26	382	12
12	75	64
226	1364	23
837	73	25
73	1201	28
112	113	14
439	315	148
515	13	5
445	55	21
1258	1257	1
195	15	48
396	466	6
1365	1366	156
10	643	0
195	1176	48
865	44	55
246	65	67
91	1053	0
90	852	14
435	626	13
1367	925	34
50	51	7
159	86	20
138	41	11
1201	73	25
249	1110	32
376	377	128
21	1368	12
1102	78	23
113	8	7
963	75	64
116	65	32
506	103	30
1094	744	58
161	1053	0
1310	1209	18
473	73	54
285	279	33
287	25	11
1369	744	58
580	761	75
749	1005	38
7	103	30
266	296	57
73	1042	28
243	440	6
657	196	6
292	75	26
1370	1356	65
15	205	51
985	605	4
158	1332	7
51	50	14
181	87	7
235	71	24
1371	1372	7
460	875	7
826	13	157
437	190	6
1096	1373	139
1066	814	28
199	308	36
1374	395	31
1375	1376	40
26	819	14
35	518	16
186	86	47
1060	762	68
1377	225	47
886	94	11
457	15	6
353	190	6
121	130	14
1133	73	54
431	166	55
31	30	14
1378	151	38
331	1298	139
866	978	23
1077	200	11
1379	15	6
444	190	6
529	194	72
984	1127	4
682	107	72
155	119	0
187	1380	8
1381	302	39
332	118	24
346	743	55
18	1382	8
410	455	7
467	25	11
1383	86	37
1384	1385	18
1386	466	76
1387	55	21
824	874	7
1198	65	67
445	1388	3
196	1389	1
708	192	27
1390	804	38
416	1391	0
296	118	4
445	168	44
381	824	14
1213	493	70
1064	21	9
702	1392	1
279	526	16
162	505	52
1196	155	4
802	275	20
625	994	75
212	283	6
522	71	4
392	283	6
1393	13	101
799	215	38
753	263	138
605	442	2
1394	1395	68
178	1304	1
1172	635	24
1177	394	23
324	336	56
131	190	6
565	171	27
1004	1184	126
157	437	23
1396	1136	7
305	1057	0
21	1397	12
1196	1395	7
1369	94	11
894	225	47
155	1036	0
605	1398	0
1399	73	54
1159	431	0
413	471	32
118	266	0
254	961	34
752	26	9
73	1319	28
110	149	4
18	1400	103
511	178	40
1283	71	4
464	652	23
286	492	1
1401	1402	78
10	642	0
593	1403	71
91	170	0
840	1066	118
5	188	135
1111	702	126
1310	1327	18
714	1381	8
226	524	14
583	582	4
1057	1404	50
130	223	7
10	203	0
505	35	52
859	858	34
643	160	27
693	1405	11
113	57	7
1406	199	15
92	178	6
525	1126	118
279	34	16
156	65	6
56	461	15
272	196	6
320	73	54
675	571	30
189	1085	43
878	874	14
295	227	7
226	85	36
799	90	7
744	1407	22
1071	225	47
1148	133	10
112	1140	7
346	1054	55
163	409	26
1408	1409	75
964	29	13
1410	511	32
1411	250	118
873	798	4
16	17	75
850	178	6
595	605	4
1296	655	23
178	511	40
1364	333	20
1179	466	61
223	121	14
430	183	68
99	505	52
461	200	11
103	924	42
243	283	6
1127	961	2
205	1146	124
243	65	6
338	292	68
802	891	107
630	810	65
984	41	11
1126	814	28
454	1278	55
1412	408	56
155	358	0
611	178	158
1398	616	37
344	753	66
293	292	7
173	172	2
531	440	6
38	65	67
78	635	24
1413	655	23
118	87	2
478	141	17
529	295	103
409	569	1
413	190	32
461	103	33
222	40	14
1414	608	94
260	884	56
1352	55	21
245	244	23
1037	283	6
35	99	52
80	978	0
583	25	11
65	205	97
682	391	8
136	1415	23
179	1068	34
490	742	0
727	480	36
1310	1327	53
1245	15	79
1186	86	20
377	86	20
1391	1202	20
1416	295	7
497	13	5
895	196	6
383	437	0
559	215	38
279	35	16
626	323	82
71	838	19
245	37	4
794	1417	73
936	310	36
946	277	55
18	853	72
1188	180	56
264	55	21
71	64	0
162	35	52
1418	1025	110
1419	55	21
723	1420	36
999	1107	23
859	961	34
1421	77	13
934	1422	102
26	281	12
370	86	47
103	35	52
718	1423	11
1328	41	11
95	1418	28
576	15	6
91	387	0
1082	279	33
1424	481	23
548	947	98
625	514	112
963	13	101
422	25	11
663	1250	39
147	722	2
1363	683	13
1425	759	7
1426	75	22
206	162	52
1427	65	6
37	1317	2
14	446	6
600	526	16
71	170	0
35	279	147
1221	196	67
385	1428	23
73	1190	28
195	1110	48
1126	1067	28
73	301	28
19	829	3
1050	523	24
524	227	14
109	630	75
630	110	65
1327	73	25
158	902	7
1195	108	159
1257	271	21
1130	77	13
245	1142	7
206	1155	42
1226	1429	43
68	615	14
1401	73	25
673	47	90
1190	73	25
902	65	46
723	722	7
305	1430	0
1431	290	160
1245	409	6
154	1125	14
1432	55	21
18	1433	8
1053	161	24
1073	1067	28
1410	440	32
86	911	41
383	1356	2
722	296	7
176	73	25
1434	55	21
18	435	8
680	215	26
549	65	43
1359	315	148
496	583	58
497	13	101
1123	487	83
852	339	7
18	436	72
6	302	39
1435	75	38
318	252	7
305	1172	0
390	1436	59
1437	1438	161
185	1224	58
922	669	15
810	630	65
758	852	14
584	37	4
1439	257	0
1430	1440	20
26	23	36
944	670	98
1441	55	21
1064	1095	10
1124	443	4
1319	73	54
336	890	7
1442	1443	120
1144	451	23
431	166	27
852	339	14
1444	75	38
111	73	54
11	275	20
352	501	45
1416	227	7
166	639	14
139	309	94
372	284	58
98	97	7
73	1445	28
10	417	19
691	562	38
812	985	7
21	1064	12
1446	25	11
1356	1370	65
799	181	14
123	830	34
118	82	0
1036	442	57
1447	1448	162
529	19	8
515	13	104
187	1382	8
75	111	115
26	64	12
329	1352	22
18	1251	72
402	65	6
159	39	17
1001	118	4
90	799	14
155	708	0
68	169	96
234	605	24
338	295	68
652	1449	108
1307	910	40
1281	107	31
342	431	135
689	146	14
6	697	13
1450	86	37
640	13	101
1451	55	21
1197	1153	76
1452	587	23
1094	384	58
227	543	7
81	53	20
381	674	99
133	487	83
669	74	154
984	200	11
749	283	46
189	466	6
509	376	10
363	1405	11
1116	1115	27
154	153	14
849	410	68
394	1211	27
118	387	0
505	99	147
625	514	38
0	231	0
672	355	0
985	812	7
576	65	6
635	309	2
570	21	7
219	466	6
16	17	70
531	1453	9
155	544	0
1166	86	20
455	1093	7
339	87	7
1031	1454	55
1081	30	14
88	90	7
547	295	7
1273	1126	118
137	141	17
1363	77	13
1207	416	4
682	76	8
1377	361	0
954	546	126
999	1455	7
16	200	11
1085	1251	13
99	452	29
1456	25	11
113	162	30
973	73	25
1024	500	23
166	431	36
4	188	0
130	1368	23
430	828	68
1140	113	7
73	43	28
1332	807	23
252	253	14
440	1457	1
24	41	11
457	190	6
149	430	19
832	736	14
1377	657	0
162	693	29
360	1110	6
21	1458	12
1459	73	25
118	653	0
321	108	2
1460	445	110
305	156	0
73	710	28
793	842	4
969	968	14
1461	118	4
930	929	23
179	1035	34
353	283	6
71	417	19
499	1088	36
76	93	3
73	1462	28
257	1439	24
1332	957	7
1463	86	37
934	1078	102
731	328	23
1361	466	6
910	909	40
422	1464	58
968	41	11
153	1125	7
937	149	4
91	564	2
1465	420	7
634	15	6
632	66	27
73	473	28
1279	86	20
546	271	21
731	585	23
66	850	23
407	1466	40
417	79	68
780	75	22
387	87	57
671	1467	107
162	207	52
355	1349	17
17	826	46
1468	75	38
165	1469	9
162	34	16
466	1157	1
92	774	27
99	1214	147
443	130	2
1221	107	31
1470	1333	136
127	1328	3
26	225	106
679	283	6
419	71	24
84	192	14
305	646	0
665	379	68
87	181	14
872	388	73
380	1140	15
525	1073	118
1471	55	21
875	555	14
799	88	14
1033	25	11
1329	1258	22
656	1146	124
1472	1374	23
1169	598	24
279	103	16
192	708	49
320	73	25
279	99	16
1203	78	36
1370	992	23
10	665	19
1214	99	52
161	1282	0
1050	759	27
267	268	14
196	1290	1
116	561	32
629	1473	15
831	1232	50
180	297	7
934	1474	102
1182	55	21
289	1475	59
277	946	36
132	65	6
1476	1477	163
88	339	7
26	52	36
84	118	4
345	443	24
431	639	27
1478	1479	73
1276	440	1
155	170	0
605	946	0
691	562	22
73	1459	28
34	526	16
195	1145	48
1480	62	93
475	1469	9
460	459	14
259	21	9
561	1176	40
555	875	7
982	30	14
392	466	67
66	691	123
73	1259	28
440	205	97
460	759	7
910	1011	1
154	637	135
551	607	14
1235	715	23
1012	65	6
18	225	72
1311	1335	68
6	145	39
318	1112	36
848	21	9
80	849	19
937	41	11
1136	1396	7
40	222	14
927	1481	117
526	206	52
1002	1211	105
536	899	12
374	373	14
868	511	140
1482	785	23
902	319	36
1049	1020	42
237	155	4
170	15	6
125	41	11
170	196	6
1483	225	47
656	617	124
405	996	74
15	283	40
18	796	8
815	816	27
164	410	65
71	23	0
525	1066	118
1028	244	23
497	1461	3
274	915	17
1460	1059	137
1354	86	20
1418	1250	60
227	798	4
1117	428	55
73	1484	28
123	602	34
162	1404	29
123	986	34
438	511	32
161	544	0
319	37	24
111	73	25
723	514	22
334	550	160
889	25	11
440	190	40
397	238	11
73	747	28
862	54	40
544	161	24
2	1485	1
123	128	34
130	85	23
625	71	4
690	75	64
76	1242	3
18	1486	103
192	118	4
162	34	52
103	518	16
1137	768	69
894	772	0
18	817	8
450	275	20
390	560	59
838	642	81
1281	65	67
10	899	0
625	161	4
824	381	14
385	1195	23
984	149	4
105	75	43
727	98	7
43	302	60
560	302	39
279	1155	42
81	65	67
87	852	7
295	634	36
187	914	8
91	296	2
1189	673	13
140	784	113
449	1487	2
118	64	0
660	1039	58
99	937	29
655	15	6
731	753	36
714	1128	8
22	23	128
103	1488	42
305	671	0
253	1489	36
1171	1458	23
1062	73	25
383	1490	0
18	980	8
943	1346	3
746	68	14
485	478	23
254	163	34
205	1146	143
319	196	67
1491	1106	23
71	715	0
16	526	30
222	125	7
160	203	96
63	719	14
17	35	30
1136	675	100
35	505	147
950	266	23
850	190	6
1492	73	54
1493	518	30
1494	1287	23
235	10	24
1019	196	67
364	279	147
1495	462	11
1372	1371	7
9	8	2
62	148	15
389	215	38
1198	1440	20
125	222	14
88	799	7
26	667	12
1194	190	6
383	14	0
18	445	8
1121	493	2
1496	73	25
514	55	21
1310	473	53
1473	1333	161
155	330	0
634	190	6
374	25	11
640	697	13
1497	73	54
155	659	2
322	41	11
318	894	4
110	200	11
1097	283	122
518	1020	42
1498	1499	45
682	618	8
390	497	59
120	223	7
643	21	9
1088	487	83
187	673	72
352	334	160
1126	806	28
338	1016	81
21	1001	7
1489	253	27
1192	196	6
972	511	32
1388	1500	11
529	618	8
78	237	27
894	157	2
505	579	29
56	968	15
762	813	14
630	109	7
162	913	82
1073	251	28
68	746	14
64	275	20
1398	605	24
26	895	12
19	224	3
922	74	15
1169	1170	92
1501	55	21
381	878	7
1134	200	11
328	283	6
312	313	14
461	99	30
40	125	7
1211	394	36
86	131	41
49	474	57
1502	1503	2
1458	21	9
404	669	15
1171	151	38
326	336	65
543	227	7
71	11	0
1156	1108	15
902	1504	4
220	597	57
18	1421	8
146	689	7
311	107	31
866	37	4
1445	73	54
669	103	30
73	1505	28
136	252	7
687	917	164
865	1325	55
798	1356	2
510	178	1
73	920	28
917	687	1
852	87	7
1373	55	21
170	10	24
10	746	2
985	950	117
1330	826	76
431	616	37
339	852	7
498	73	25
1506	211	55
220	466	6
103	99	52
736	387	36
1019	196	43
187	554	72
826	739	129
71	105	0
26	741	7
274	39	17
839	409	38
1213	41	11
1507	1508	93
162	526	16
922	404	93
518	526	16
1401	73	54
227	443	4
510	1301	1
670	0	4
213	283	6
715	709	116
78	196	67
184	847	49
370	998	19
484	1135	14
1071	756	0
313	312	7
608	860	22
753	199	50
18	1304	8
263	1106	36
127	1378	3
749	732	4
824	874	14
884	287	14
311	597	92
296	266	36
334	286	45
155	931	2
1213	103	30
1081	31	7
73	1385	28
30	1081	7
245	383	4
195	283	48
196	656	51
1439	1050	0
969	200	11
896	1466	139
175	1509	142
410	1093	7
632	180	107
31	1081	14
1510	94	11
875	555	7
115	77	13
118	715	0
179	1213	34
1400	41	11
1140	112	7
17	41	11
26	911	36
490	587	0
416	838	19
118	203	0
504	1511	23
146	556	14
532	65	35
749	41	11
758	90	7
1137	522	69
764	25	11
249	196	32
518	280	42
362	499	56
118	78	0
961	1127	4
1512	196	76
777	73	25
103	505	52
643	487	83
361	39	17
90	339	14
824	381	7
746	1088	36
408	409	38
444	283	6
510	446	1
469	91	24
1137	389	69
931	238	11
799	852	14
418	870	99
580	671	23
1090	744	58
8	63	7
18	554	72
321	665	19
118	666	0
343	1140	7
398	826	46
18	1436	8
286	1513	152
1196	238	11
10	847	0
73	1496	28
336	1514	22
337	73	54
133	1148	10
1515	141	17
846	41	11
735	200	11
1444	37	4
153	605	4
532	65	146
361	15	6
649	443	4
1256	744	58
136	480	36
759	460	7
115	13	101
1064	1063	27
249	15	32
769	548	23
274	107	31
1369	1516	11
1085	829	3
1308	112	2
1517	86	47
555	759	7
212	466	6
534	73	54
1389	196	146
829	1172	23
1515	86	20
445	436	13
958	10	4
1518	55	21
73	1497	28
29	1519	90
711	652	23
377	376	128
1048	73	54
1124	71	4
66	632	23
1082	103	30
704	819	92
1179	466	76
468	160	68
1388	1168	53
268	267	14
35	364	16
852	88	7
376	377	10
415	98	14
334	352	160
591	24	94
1056	1520	150
305	563	0
1521	761	3
546	1522	1
605	342	2
1183	860	38
577	65	46
1332	158	7
355	65	67
722	25	11
510	1110	1
568	65	130
106	2	43
1031	86	20
852	799	7
824	831	23
459	555	14
75	625	129
1523	446	67
519	75	43
1524	198	36
984	937	7
1525	39	17
1361	804	43
155	947	2
295	1416	7
1208	514	38
445	691	3
18	1130	8
10	1107	0
1526	55	21
1527	1528	122
305	23	0
448	73	54
476	226	7
727	252	14
1529	271	21
91	624	19
18	673	72
1336	73	54
1009	25	11
2	1509	142
294	1270	3
460	759	14
40	125	14
438	283	32
1530	271	21
378	1531	71
1032	75	43
910	1307	40
1278	454	36
148	322	65
155	1225	0
350	65	6
829	895	23
1532	1533	95
610	73	54
5	188	36
1130	278	64
198	196	6
1115	1534	84
999	71	4
19	698	3
223	355	36
10	1221	0
415	727	14
617	205	149
1309	586	84
488	1489	84
62	1297	15
118	1394	19
1535	73	25
1380	447	62
436	626	90
296	722	7
1497	111	78
637	154	165
578	577	138
506	857	65
964	13	101
626	225	90
446	1133	115
604	744	3
968	969	14
1178	501	1
19	705	3
73	1271	28
265	111	78
436	1068	82
246	1200	17
368	1089	53
865	1324	55
155	1172	0
155	338	19
463	41	11
769	548	36
614	446	6
304	65	35
254	693	34
529	294	8
419	487	83
759	460	14
592	672	24
529	225	72
1385	73	25
220	196	6
240	298	41
113	351	7
8	719	7
66	67	36
806	1073	118
723	634	36
1536	107	161
593	1537	71
19	168	44
1538	13	104
799	87	14
1066	840	28
717	716	40
10	1394	19
379	118	4
162	1214	16
267	905	7
416	1207	2
490	836	0
1539	73	25
1540	122	34
21	643	12
31	279	33
162	113	29
913	65	46
121	223	7
879	433	18
719	63	14
1112	318	55
44	1354	23
607	551	14
170	798	24
355	221	43
340	910	1
626	485	82
10	1354	0
343	1140	14
368	369	53
605	431	0
1508	404	93
1478	51	3
994	1541	36
1542	225	47
92	1110	6
113	279	114
850	446	6
305	592	0
131	183	138
26	1	36
635	157	2
882	516	4
1253	747	53
722	1068	65
633	73	25
1361	275	20
526	505	52
219	1110	6
1543	105	36
75	963	1
71	52	0
58	429	4
726	79	27
1068	1231	23
7	200	11
1173	279	33
405	1544	74
111	302	60
1245	635	24
890	170	23
197	171	9
1409	1408	75
675	149	4
762	813	7
232	178	146
187	77	72
305	1147	0
657	283	67
839	625	7
1505	302	60
584	1112	36
170	283	6
521	370	4
86	944	41
829	335	23
914	168	44
444	65	6
393	73	25
968	149	4
338	634	81
392	915	17
1308	528	2
1116	915	17
711	1166	23
86	1166	41
136	71	4
800	1333	31
807	1110	6
999	1229	23
21	203	36
268	651	23
79	91	4
281	107	31
994	674	99
984	937	14
630	109	123
11	333	20
293	292	14
274	1415	10
11	10	24
1545	1546	22
772	15	6
130	37	4
10	70	0
1510	65	46
351	113	7
113	112	14
140	939	108
73	1029	28
110	630	7
639	51	14
1547	466	61
480	252	27
337	73	25
318	1112	23
417	237	68
665	815	81
1548	55	21
893	73	25
1549	73	54
127	723	3
245	466	46
1371	1372	14
346	1054	27
704	21	27
1315	55	21
131	0	24
1346	195	166
1393	13	104
1082	200	11
254	128	34
1550	593	120
295	319	36
950	1398	36
1175	1174	36
669	35	30
859	74	34
90	181	14
818	118	4
417	1008	68
949	107	155
115	302	39
26	752	12
1014	276	58
501	739	129
425	65	67
675	200	11
402	283	6
647	65	6
1101	13	101
1503	1502	4
415	97	14
861	41	11
564	899	49
422	514	22
1184	1373	1
362	1456	56
1410	190	32
118	564	2
257	523	24
591	881	94
1125	139	23
158	826	38
179	1300	34
202	71	24
1551	1162	20
421	25	11
1462	73	54
544	155	24
758	1132	11
1552	73	54
121	120	14
253	252	14
692	299	15
787	147	4
279	925	42
213	446	6
1239	1500	11
371	370	4
339	758	7
1230	86	20
657	283	6
1553	172	34
263	355	23
351	286	38
207	162	52
57	8	7
1554	55	21
1482	75	112
1138	65	6
1320	73	54
639	431	36
814	542	137
231	134	6
196	1555	1
708	1196	98
480	136	55
994	646	23
881	1556	23
1255	645	58
940	171	9
91	213	0
779	86	20
2	271	21
26	242	14
219	440	6
509	377	128
360	446	6
640	13	86
1090	65	46
557	1210	11
505	279	16
1120	1119	1
1071	1070	2
1180	73	25
155	1252	19
80	26	2
1492	302	60
1557	71	4
244	1028	55
982	1081	7
1107	141	17
339	758	14
17	16	7
103	162	16
934	1558	102
203	1559	27
126	65	76
1188	296	56
212	190	6
1115	1560	84
321	1252	19
92	876	6
445	29	13
973	302	60
1561	1562	23
18	167	8
133	196	6
206	99	52
26	662	12
208	209	18
9	180	2
836	587	63
259	118	24
18	839	103
605	1311	19
420	1465	7
211	1506	36
1563	343	2
34	828	42
369	73	54
236	75	43
1564	1332	65
1219	549	49
250	806	28
120	41	11
746	1245	96
71	1252	19
1194	15	67
169	931	98
918	409	22
687	917	126
758	88	7
678	279	114
826	65	77
890	75	38
226	311	23
73	1113	28
640	626	13
1255	25	11
156	190	6
788	402	23
430	984	68
339	852	14
196	993	1
939	1565	22
66	691	75
1303	487	83
807	446	67
367	55	21
829	1172	36
626	277	82
328	15	6
383	130	2
250	1273	28
1158	1006	1
629	1566	15
344	1245	66
161	1283	2
533	296	65
439	876	40
1055	409	38
490	543	2
505	600	147
243	782	50
1567	292	14
1568	1369	167
236	784	80
508	1053	23
750	749	7
402	446	6
531	65	6
12	13	86
390	1380	59
1118	606	18
91	247	2
1203	71	4
1569	73	25
1125	153	7
1570	55	21
956	466	6
1125	25	11
103	1020	42
1037	190	6
195	414	48
567	826	46
51	166	14
682	436	72
1406	1272	15
279	822	42
416	1252	19
995	73	54
435	1251	13
1248	86	20
544	1286	24
1571	549	66
1572	1465	15
76	697	13
0	592	0
75	1280	1
73	1549	28
1482	1106	23
1075	885	23
295	52	36
1125	605	4
528	34	30
10	1274	0
635	295	2
185	370	4
370	194	47
525	542	137
744	1407	38
1399	73	25
126	307	1
1322	1318	15
116	178	32
652	65	6
178	684	1
1541	26	27
625	443	4
443	563	0
453	178	40
907	173	4
377	376	10
655	466	6
786	73	25
347	1072	7
568	755	83
294	1075	3
21	921	12
797	1087	50
466	205	51
1129	657	0
1414	608	57
35	526	16
505	103	52
10	68	2
609	608	7
694	1573	102
1385	302	60
326	1	23
669	41	11
75	964	1
1121	787	2
1564	587	23
324	1177	56
756	466	6
595	1335	7
1475	13	101
26	1541	36
1562	323	94
1574	148	56
206	540	29
1575	1117	84
407	196	77
940	939	108
116	283	32
220	283	6
1081	31	14
443	1523	0
1198	107	31
679	196	6
322	1405	11
852	799	14
526	162	16
1011	271	21
709	708	36
799	181	7
1137	293	69
1051	1351	136
626	436	90
1576	75	64
77	557	82
1194	15	6
633	73	54
821	1075	92
1259	111	78
69	68	14
1577	55	21
914	302	39
691	1083	4
383	332	0
1578	65	67
1097	15	122
1067	1126	118
313	565	95
1144	443	4
132	446	6
1406	528	15
806	1126	118
14	466	6
714	325	8
1538	13	86
410	164	65
207	35	52
19	295	3
181	852	7
187	1579	8
86	377	41
27	442	57
1580	516	4
731	798	4
1111	703	40
1195	1404	50
136	727	14
196	315	148
247	248	49
122	103	30
265	73	54
18	66	103
10	119	0
466	1547	144
997	1581	20
852	90	7
179	830	34
874	381	7
963	13	5
308	199	50
161	332	0
396	784	80
956	283	6
73	1402	28
1582	388	73
73	72	28
1278	1148	23
1583	15	38
187	791	8
559	1061	7
1478	1344	3
1584	75	150
1467	25	11
1290	196	35
607	551	7
1462	73	25
68	10	4
120	130	14
149	986	2
679	65	6
40	222	7
58	200	11
626	731	82
287	1458	23
121	130	7
918	409	38
781	75	43
867	477	49
26	726	12
258	65	46
206	34	52
1361	190	6
850	466	6
376	86	20
1273	1066	118
161	202	0
506	41	11
305	92	0
1585	62	93
156	196	6
625	383	4
753	649	27
1093	885	23
103	556	42
544	65	43
26	118	4
297	180	7
294	698	3
899	564	138
21	475	12
131	15	6
625	778	65
195	1586	48
281	283	6
614	15	6
115	1125	3
129	111	53
1160	409	38
675	950	65
799	88	7
894	306	0
727	415	14
1192	86	20
136	41	11
523	1050	0
62	1465	15
118	358	0
162	280	42
1409	1500	11
614	1333	31
1192	190	6
1164	1248	23
1403	1438	161
1246	519	23
292	1567	14
558	73	25
999	37	4
390	1587	59
452	691	65
603	21	9
336	729	117
894	763	0
1588	1299	28
670	155	4
79	726	49
446	272	41
249	511	32
1209	73	54
1512	196	35
88	181	7
180	1068	7
881	409	22
518	34	16
608	490	4
579	99	30
197	15	6
947	140	36
767	825	58
253	655	23
1323	190	122
528	1353	4
12	13	104
785	21	9
1055	850	23
705	1147	23
590	62	93
1346	94	11
206	103	16
1103	190	6
772	466	6
722	296	14
652	1581	20
1127	430	19
91	902	2
147	146	2
16	41	11
443	797	0
635	455	2
328	466	6
123	822	34
249	1145	32
526	279	16
759	459	7
20	75	43
126	65	146
1262	1314	3
491	162	52
26	779	12
1427	1589	43
21	715	12
639	1420	23
635	318	2
1016	15	6
1137	180	69
79	726	36
617	65	32
1538	13	5
1590	1500	11
511	1591	1
1137	1592	69
1593	575	28
1594	65	67
1595	1036	36
186	1596	47
1597	333	20
1598	22	66
629	1599	15
1600	1601	140
1602	106	23
1603	73	54
1094	1604	156
1605	1053	23
1606	745	34
130	1607	38
309	1608	4
1609	178	122
611	1610	56
1611	271	21
1612	744	58
557	1613	162
314	1614	50
1615	275	20
1616	275	20
130	1617	22
260	1618	56
1619	1620	22
1621	568	74
1622	1250	60
1623	55	21
26	1624	12
1625	833	15
1626	141	17
1627	55	21
1628	94	11
249	1629	32
1630	1631	120
335	1632	92
1633	1411	28
356	1634	69
1356	1635	38
1406	1636	15
1637	71	4
1638	271	21
1498	1639	45
1640	55	21
113	1641	38
1527	1642	122
1643	225	106
1137	1644	69
959	1645	1
1646	702	126
510	1647	1
73	1648	28
1649	55	21
1650	25	11
1651	29	13
1652	1505	115
1630	1550	168
917	687	169
629	1653	15
1654	25	11
1655	1250	60
1656	271	21
194	25	170
1657	302	39
605	1658	0
889	1659	150
869	229	171
