172
0	30	0	10	48	80	91	118	155	161	71	305	37	443	449	516	523	598	490	672	605	383	798	1286	416	1159	1439	1377	4	894	1071	1129
0	126	1	11	49	81	92	119	156	22	169	235	243	266	306	314	330	198	399	244	387	78	105	444	450	517	257	544	350	563	469	212	653	52	248	437	213	821	189	419	14	847	310	231	637	303	23	601	133	423	139	332	1012	1036	1053	899	131	281	70	848	592	628	319	708	632	1172	170	666	1015	1204	1222	1107	345	1274	1282	1287	1088	944	355	726	358	578	1354	642	1225	643	1391	1057	1398	431	203	978	742	64	1430	82	361	188	657	646	946	772	671	1490	715	756	1050	587	1221	836	1147	1523	202	763	797	1658	394	802	1148	272	752	634	1428	1303	259	553	1198	234
1	36	2	178	65	440	501	75	510	466	401	702	826	229	942	546	959	989	340	790	804	1080	1184	1153	286	196	1258	409	1276	910	917	1178	1120	1158	126	511	283	1298
1	87	3	232	365	441	447	502	12	511	560	400	703	391	770	304	115	126	892	914	943	954	960	987	581	990	1011	791	938	545	1111	1179	1182	1004	471	644	1197	1220	515	1262	1298	906	1330	307	1339	712	532	1257	1389	1392	1304	492	569	1457	1157	1290	440	1485	178	687	1301	446	1522	1110	501	910	963	1373	1555	1119	993	1006	1280	684	964	1591	1645	1647	1547	1145	876	1005	909	537	677	1233	1292	1649	1407
2	39	4	118	10	370	149	186	495	582	91	516	635	155	147	798	1127	443	605	161	842	1358	71	173	37	383	321	449	9	1121	894	1502	1308	416	1071	80	1563	490	1353	1083	1504
2	87	5	192	160	371	222	185	496	583	685	882	158	237	984	986	1008	1033	873	767	579	1144	731	1183	36	153	26	1196	705	761	79	122	239	442	961	172	87	722	1317	1356	309	108	564	130	296	1487	8	493	659	157	1503	746	931	112	342	947	1207	528	1070	180	343	1283	543	247	295	68	787	902	146	455	318	21	743	1481	1424	245	183	890	625	1125	584	721	937	297	66	1395	535	1124	424
3	30	6	76	127	294	618	644	663	115	794	796	817	497	515	445	926	979	1114	1130	19	699	943	1085	1521	604	1478	1262	435	1025	1151	776
3	58	7	84	128	276	295	619	645	664	718	768	795	727	818	379	833	326	908	698	499	958	660	583	1093	639	1131	154	312	1270	222	861	891	607	153	1388	829	93	1328	1461	1242	1346	224	1378	761	691	744	705	51	723	1075	1344	1125	1314	1297	24	824	136	230	947
4	140	8	36	146	148	160	164	172	185	216	222	224	239	108	442	66	521	559	463	184	649	680	731	5	659	746	828	180	171	863	873	883	887	424	902	903	21	925	927	931	722	130	247	157	1070	1075	705	192	183	564	309	540	625	273	354	1028	1024	379	1203	867	87	630	1033	818	513	579	1329	371	543	985	984	296	1196	522	110	1283	583	595	245	584	1124	1001	1207	793	1461	937	84	237	227	318	866	670	749	961	1444	153	958	999	882	58	675	968	136	79	1503	787	1557	1125	907	691	1144	1580	68	26	608	528	1637	342	947	112	293	1087	1317	158	420	615	547	1356	1265	69	508	1224	493	122	154	743	467	811	485	986	1343
4	41	9	37	147	149	10	173	186	321	118	490	605	161	71	4	155	842	80	516	443	894	91	798	1071	48	1083	1121	1159	582	1127	416	1504	0	732	383	429	370	1502	1353	1608	1308	449
5	9	12	515	497	963	1538	640	1393	690	1101
5	1	13
6	71	14	64	132	133	189	198	212	213	219	170	282	303	350	353	231	392	396	437	131	360	481	402	139	531	576	220	614	642	647	92	655	657	679	314	756	772	328	850	634	895	266	361	281	956	966	992	652	1016	1019	1032	1037	1103	779	444	243	457	1186	1192	1194	1138	807	1303	11	156	1361	1379	272	1427	1245	1012	197
6	17	15	65	134	190	196	283	466	446	440	178	773	1110	439	75	409	876	1005
7	175	16	68	97	109	112	120	153	157	51	210	242	252	90	267	63	312	110	343	397	138	459	385	36	222	226	555	339	21	608	121	373	57	295	524	721	722	741	460	758	759	8	166	793	799	812	374	819	381	736	719	318	160	268	832	875	878	87	192	874	727	905	309	928	685	181	968	739	615	30	991	1001	420	102	158	607	31	852	552	424	1140	982	442	985	136	415	1068	1167	580	969	26	986	504	130	689	619	1072	125	556	1081	746	227	630	1054	455	5	1065	1317	1324	1335	557	829	223	547	84	50	113	1371	410	824	1396	1196	293	1416	1425	245	723	336	98	570	88	999	1332	1465	180	1136	1372	40	543	146	313	984	476	296	762	839	351	17	750	1125	347	609	595	559	297	1093	890	813	729	584	749	211	639	957	342	902	1316	1455	625	292	1219	464	551	154	1055	398
7	170	17	69	98	102	110	113	121	154	158	166	211	26	253	87	268	8	313	109	398	420	460	464	504	40	524	459	90	570	609	88	120	374	130	336	227	719	160	723	112	339	555	57	639	630	181	813	373	824	759	832	721	267	736	381	84	878	415	902	5	557	242	799	905	969	580	68	982	986	21	138	991	552	1081	252	758	551	1075	343	31	342	727	180	619	739	957	51	968	1065	722	318	547	146	1219	347	222	875	295	226	136	410	1167	928	829	1325	595	685	1054	793	689	192	50	1332	1372	455	874	1136	1395	223	1140	292	1142	296	890	97	985	543	812	1093	1455	1125	297	1396	852	125	1371	1001	741	312	63	937	1416	351	625	16	1465	749	153	1072	608	1335	1061	1068	1400	1321	556	750	210	1317	442	30	1278	999	36	839	293	385	1055	1425	607	397
8	6	18	114	187	529	714	682
8	52	19	115	167	530	538	6	560	435	791	127	445	964	975	307	1025	28	76	144	325	983	644	1084	1085	796	872	569	12	604	1185	1189	411	1266	1101	618	1363	1380	1382	1381	391	1433	817	914	1128	980	1421	1304	1436	1130	294	1579	1292	1257
9	30	20	170	328	382	831	921	303	281	399	349	64	500	203	1064	752	531	165	475	259	848	643	1458	197	940	603	785	911	544	1	779
9	6	21	171	26	570	1453	1469
10	11	22	376	509	159	1148	1064	133	274	377	1415	23
10	11	23	509	377	662	133	1095	376	1148	1415	274	22
11	174	24	40	44	89	93	108	184	199	222	237	269	285	300	329	322	336	351	110	452	461	463	528	535	567	573	63	613	636	641	153	660	148	31	678	681	371	693	659	7	729	830	675	17	871	877	541	594	891	743	725	961	971	846	969	1022	669	1035	1039	1040	1056	1082	645	1090	182	744	210	1134	183	323	1173	1199	258	363	1224	835	276	833	1256	1265	420	1297	1300	1328	299	1338	630	820	1065	968	8	881	1355	861	533	297	1329	216	494	138	287	886	1077	467	1369	984	583	718	422	1446	16	1456	1033	937	125	889	397	1495	374	1388	1213	1510	1400	749	764	931	1196	735	722	1009	421	758	1239	557	120	1255	1125	1467	58	506	136	1409	1346	1590	1628	1650	1654	882	1408	227	1140	485	521	172	540	767	113	1087	810	579	903	852	1468	947	124	524	154	122	1464	869	84	1395	761	185	936
11	15	25	41	94	200	238	462	916	1132	1210	1227	1405	1423	1500	1516	141
12	5	26	104	536	21	570
12	44	27	105	298	132	500	475	603	394	78	785	802	848	20	399	262	1230	23	704	382	1368	1397	281	1064	64	1458	899	667	895	643	752	662	921	726	779	715	1624	419	1	236	52	387	1391	335	831
13	30	28	6	19	76	127	411	435	445	502	776	796	872	906	144	1151	307	1114	1085	1266	964	1421	1363	1130	1189	640	115	1651	167	914	963
13	15	29	47	60	77	225	412	436	853	673	697	554	1206	1251	626	683
14	118	30	50	87	90	125	181	120	226	287	292	180	318	88	373	98	297	295	57	551	339	552	252	749	336	524	874	884	8	639	813	460	878	556	223	739	112	253	819	459	153	268	557	1135	130	719	1142	420	113	164	1191	758	51	1055	227	982	381	875	1081	245	584	1125	31	166	727	26	121	222	68	154	852	799	689	832	969	84	267	40	374	824	746	63	762	312	484	146	415	968	759	607	343	984	293	1371	1567	69	136	722	313	424	398	1140	1075	288	397	211	1425	1372	110	555	630	242	192	905	442	937	97	619	615
14	116	31	51	88	87	40	90	223	227	288	293	297	252	339	374	415	180	336	181	8	552	607	727	750	295	226	381	253	551	824	719	166	799	762	555	689	1055	580	343	318	852	26	460	1125	905	685	484	120	57	245	138	982	1140	1142	493	639	547	758	1081	875	874	459	63	1321	154	121	878	136	113	50	819	130	30	524	615	146	153	736	968	192	268	222	373	68	813	746	313	1135	287	556	267	98	759	125	969	937	292	112	1372	97	242	1567	296	312	1075	397	424	398	210	1371	109	1425	84	619	984	884	442
15	20	32	56	62	380	404	622	629	692	728	589	922	590	1076	1156	1254	1322	1406	1572	1625	1480
15	56	33	57	63	113	17	420	623	630	693	122	745	109	822	861	810	828	923	7	955	1077	280	833	493	255	1213	556	343	199	461	669	1140	1473	148	968	74	1108	1297	299	1566	1272	1465	1318	528	1599	1636	1653	8	110	1329	680	172	602	506	138	761	1155
16	14	34	35	364	206	279	162	491	103	99	518	526	600	505	1214
16	14	35	34	103	279	162	505	206	518	526	99	600	491	364	1214
17	27	38	140	236	246	355	330	423	945	997	274	231	1107	1198	1229	1	651	478	159	137	361	1515	1525	392	1116	1626	653	531
17	5	39	141	915	1349	1200
18	13	42	129	368	432	472	827	879	620	1253	1310	1384	208	1118
18	18	43	111	369	433	473	856	880	621	974	747	1089	710	1209	1385	1327	209	606	1180
19	23	45	71	118	321	416	429	155	732	10	842	1308	9	1353	149	80	370	91	605	1127	1083	1504	1502	1358
19	15	46	191	338	417	430	733	838	665	468	1252	849	998	624	1394	1311
20	90	52	85	274	319	332	78	478	241	503	512	592	477	628	646	423	106	259	911	517	601	387	1106	170	1123	282	426	203	944	885	14	978	548	419	549	544	1221	756	1225	70	311	1281	671	244	314	159	802	1364	1186	377	1391	1430	11	81	1166	1279	1354	450	1198	64	1515	1031	1361	1551	1230	779	1248	997	376	1192	652	1597	1615	1616	1149	966	330	956	588	1231	481	262	131	742	821	425	38	715	1016	519	1523
20	10	53	86	275	333	479	240	1162	1202	1440	1581
21	95	54	61	150	270	286	465	562	677	686	687	701	737	409	717	751	757	766	801	841	860	862	898	917	919	101	941	988	1004	1021	1045	1091	1092	1100	1139	1150	1178	1193	1212	3	1243	1247	1258	1277	1285	1307	1331	407	545	1058	445	1387	1352	264	1419	1257	1432	1434	1441	1451	546	1471	1182	514	1501	1373	1518	1526	1529	1530	1548	1315	1554	2	367	1570	1011	1577	1611	1623	1627	1638	1640	1649	1656	229	151	1220	716	1044	59	492	864	1119	175	1485
21	3	55	271	1046
22	53	58	100	89	277	327	366	408	513	705	326	309	788	803	854	343	625	142	224	273	957	389	1260	1263	208	1203	1131	832	700	744	1426	329	780	1329	691	723	608	336	1545	422	918	939	881	130	1619	882	749	984	474	1435	1223	339	522	811
22	36	59	101	264	278	75	367	409	514	706	720	789	804	855	904	932	143	1058	446	215	178	317	1306	1326	1407	1352	1258	562	860	1514	1546	1565	1617	1620	1005	511	790
23	125	66	136	138	120	230	326	348	375	381	385	389	359	242	418	424	309	476	508	263	547	584	543	650	661	675	700	711	739	731	748	649	808	226	829	252	295	464	854	950	953	762	467	227	1009	1024	811	1074	1102	705	1075	1160	788	1173	336	130	51	552	1244	1246	818	318	994	1278	296	157	1293	1296	1316	1131	50	1344	5	1068	866	1177	1413	245	999	1424	1144	1452	1332	930	1472	1370	1235	1482	1028	1171	485	1491	1494	504	580	769	824	44	890	268	1125	881	1561	1564	287	1093	1164	253	1055	639	1602	1605	1566	158	300	97	867	1524	936	408	1334	873	1199	347	261	1356
23	132	67	137	139	131	231	119	349	332	382	386	82	360	402	419	425	477	509	262	548	585	587	592	651	662	603	266	578	742	724	394	753	800	809	85	202	885	671	52	220	831	763	634	978	576	1002	106	426	781	655	22	1112	1053	218	911	643	1165	1166	779	27	1204	628	140	1245	298	899	807	614	1279	235	1291	1294	1313	444	457	1012	836	679	1194	1364	78	437	652	244	1415	1107	481	1428	451	500	1368	929	328	850	1374	992	715	785	1195	1458	478	1106	1287	1511	1172	632	895	1354	1231	170	335	1229	355	646	1556	1562	311	1	1148	1248	519	1147	1420	319	588	450	198	310	20	601	1007	1541	361
24	59	70	281	328	170	431	634	231	657	752	92	797	387	836	235	23	726	188	259	544	358	105	642	189	1148	715	666	169	469	763	946	332	303	156	78	1354	1172	1050	1053	234	257	419	1169	345	319	1398	592	1245	11	131	202	272	601	22	52	306	394	847	643	350
24	26	71	0	383	605	635	416	490	798	118	161	4	10	155	91	894	449	305	523	1439	598	443	37	672	1286	516	80
25	73	72	233	572	456	606	369	696	710	740	448	433	783	920	482	951	995	856	1003	1043	1048	747	534	1086	1113	1089	43	1029	473	470	668	880	301	1240	403	1271	1319	1042	1336	837	1201	1327	1401	1190	176	973	1459	320	111	1062	1496	498	777	1535	1385	1539	633	393	337	893	1180	1569	1399	786	1462	558	1030	1264	1484	1259	1549	1552	1497	1010
25	1	73
26	10	74	886	8	33	556	1329	292	163	680	749
26	6	75	409	215	367	1258	1005
27	52	78	82	131	188	272	387	423	431	480	507	310	358	308	539	1	708	257	346	596	1112	1174	847	355	1107	1172	1050	319	332	426	266	52	592	651	797	565	643	1116	394	632	92	815	1489	1064	726	704	203	1541	753	169	22	549	234
27	64	79	83	183	5	273	87	354	342	136	104	309	533	736	199	312	26	51	709	256	1072	595	318	1175	184	1216	727	474	584	460	902	375	1024	296	295	543	1055	650	1087	192	171	160	166	1115	1211	66	774	759	639	816	253	237	1063	252	1054	21	1559	649	994	68	1074	1219	313	223	829
28	10	95	73	250	574	1066	1126	1073	1588	1593	1633
28	91	96	111	176	251	265	320	337	393	403	534	575	610	633	676	730	233	775	448	209	1010	856	967	1062	1067	1089	1099	995	482	696	1133	606	1180	951	880	1264	1043	1273	525	1320	1327	1030	1181	1201	1042	814	1319	1418	1190	301	1445	43	710	1462	473	1459	1259	1484	747	806	1505	920	1385	1496	1497	1271	840	1029	1113	1549	1402	72	1299	1411	1648	973	1603	470	1492	456	777	783	1209	786	974	1240	1539	1336	837	1048	621	558
29	7	99	162	35	34	206	518	505
29	23	57	343	363	729	669	925	877	579	636	322	17	452	693	1404	937	113	540	485	285	124	782	830	559
30	30	16	58	669	506	846	125	17	693	343	7	1077	937	735	923	984	57	1213	40	675	113	1493	461	1082	528	122	579	573	1040	613	540
30	12	103	162	518	491	99	206	505	526	571	35	34	600
31	35	106	358	262	426	519	553	667	715	756	634	1057	585	1105	246	1226	1138	140	587	450	394	1374	1281	1221	311	274	800	281	1198	614	1149	588	836	549	544	1230
31	6	107	395	520	1333	1052	1351
32	8	116	249	413	438	617	972	1146	1410
32	21	117	65	407	414	439	471	283	561	440	190	511	196	1038	876	1145	466	178	1110	15	1629	1176
33	17	122	124	182	299	735	830	1065	363	541	693	285	461	1082	31	1173	329	1599
33	3	103	34	279
34	15	123	179	254	427	638	845	859	1041	1154	1284	1295	1367	1540	1553	1606
34	43	124	180	255	428	506	540	556	146	125	658	602	820	858	787	830	1061	1039	1047	1155	122	1082	833	363	877	961	269	541	925	1068	1035	986	128	163	1213	693	74	1300	172	822	745	903	297	641
35	8	126	712	532	304	1290	1512	993	1330
35	3	65	196	826
36	104	130	217	247	256	21	309	354	359	474	499	66	154	762	739	774	336	670	867	649	939	227	313	835	1054	1063	1102	1115	1055	226	263	26	1196	245	816	1087	1072	184	51	8	410	1013	252	157	1309	931	342	398	1216	1219	890	504	199	727	936	723	166	1203	277	318	902	295	731	253	1211	736	296	746	136	1524	1278	5	223	769	994	1543	584	950	1175	639	211	829	709	947	79	1595	455	564	160	183	121	108	68	1074	460	1482	192	464	1335	201	120	1028	375	415	158
36	93	131	218	248	257	259	310	355	360	423	475	82	632	637	704	763	742	92	450	235	477	753	940	944	565	834	346	1064	78	1116	978	311	399	708	244	815	797	847	431	49	1204	1012	480	437	586	169	1	1107	549	170	469	308	85	1420	23	1088	946	52	1112	319	634	1489	394	387	1106	266	911	198	454	188	548	67	1541	105	203	1398	1174	1506	1172	140	726	1036	899	667	1195	22	1050	785	386	202	332	20	662	752
37	14	135	234	586	188	1026	1031	1143	244	637	1383	1398	1450	1463	431
37	5	86	53	616	1027	333
38	90	142	214	258	8	208	253	467	522	648	654	424	760	764	825	810	852	93	918	223	957	277	415	1047	984	1104	1142	326	985	79	803	375	1234	472	680	1268	410	718	100	723	670	1314	224	793	1332	1081	329	761	296	749	1378	1390	799	559	1435	1444	691	625	1468	389	1171	839	408	1183	1208	158	351	890	1055	744	1583	1160	130	1356	113	886	1072	421	237	780	557	474	1328	782	745	881	811	705	309	90	874
38	40	143	215	65	317	75	229	196	546	409	765	790	826	286	151	771	446	952	278	514	264	1058	631	804	340	1269	1280	101	1315	1352	1357	1005	562	860	1407	15	1607	1635	1641	1613	706
39	20	144	325	445	980	12	1079	1128	1233	411	640	618	979	1130	1381	663	6	560	115	914	1657
39	4	145	302	981	1250
40	41	151	2	178	532	545	631	447	190	716	686	876	909	283	1017	1141	54	1176	152	1241	365	702	409	1375	511	1307	910	407	561	15	440	862	717	439	453	1111	841	546	340	684	514	304
40	39	152	340	453	304	546	684	440	717	864	439	910	15	1018	841	862	561	514	702	1187	1241	221	1376	178	511	909	1466	1176	283	190	54	1307	716	876	703	545	2	447	1141	532
41	7	86	240	60	283	196	446	65
41	29	159	241	203	308	319	361	477	671	85	628	1069	14	311	394	1225	1192	911	131	298	944	1166	377	272	396	1551	742	885	519	1221
42	11	162	279	505	103	99	35	518	1214	206	1049	34
42	18	163	280	602	787	623	924	1020	1108	556	828	33	1318	1155	1488	925	822	986	74
43	31	165	197	220	298	394	246	578	911	847	997	802	189	1226	549	105	1019	106	519	1361	1032	355	236	781	544	20	1427	259	382	231	451	653
43	15	75	2	221	1044	409	1085	1429	65	196	804	1589	855	1092	954	1646
44	7	167	76	663	445	19	914	1579
44	1	168
45	6	174	290	334	352	550	1498
45	9	175	291	229	2	501	1499	286	1639	340
46	29	177	659	261	421	1118	1207	129	1255	1272	1340	1345	902	749	17	398	577	913	1510	245	1090	567	258	120	991	744	1461	1602	890	1372
46	7	178	196	466	65	190	283	826
47	14	193	527	516	495	1129	48	186	1377	894	1071	370	1483	1517	1542
47	4	194	225	86	1596
48	2	195	228
48	21	196	229	537	175	286	190	471	134	117	340	15	1176	1110	1145	283	414	1586	511	178	407	1038
49	13	201	296	577	79	902	192	184	564	1219	247	867	273	1087
49	15	202	266	578	78	319	1198	708	847	899	549	248	477	726	272	797
50	34	203	218	688	781	815	899	1012	632	235	423	1095	382	478	885	1231	603	92	1057	831	753	243	797	1195	308	314	355	655	169	614	387	1106	772	1064	634
50	20	204	217	689	782	816	736	1013	8	354	774	199	1232	1242	1404	1087	1614	269	17	1063	723
51	6	65	196	190	15	466	283
51	2	205	656
52	16	206	491	518	34	526	505	99	600	103	571	162	35	207	1214	1049	279
52	16	207	103	99	526	571	518	491	505	34	162	1049	206	1214	35	600	279
53	15	208	620	432	827	42	1239	1310	142	1388	368	1253	129	1118	472	879
53	19	209	621	433	111	856	525	1209	1348	1327	473	1168	1089	369	747	606	337	1030	974	710
54	77	233	456	470	482	498	301	558	668	747	775	777	783	786	837	696	176	893	967	973	974	209	1042	1109	1010	1181	403	1190	606	43	1201	1062	1259	856	1264	1043	473	1133	1399	320	1319	111	1492	1497	1445	1401	337	534	1048	448	1336	610	1549	1462	1552	1320	369	995	633	265	1209	1603	676	433	621	1459	1505	1029	1089	1327	1113	1271	1484	1385	1402	951	1535	1569
54	1	73
55	19	244	346	454	319	539	565	431	834	480	865	188	1007	1112	1031	549	946	1117	1506	1489
55	33	245	347	455	295	5	566	639	158	835	252	866	157	584	1164	1177	51	1334	44	166	743	1054	1278	277	1454	428	1325	211	1324	318	136	1028	253	1072
56	8	260	324	362	611	1034	1188	1412	1574
56	31	261	252	363	434	612	277	743	739	839	110	1000	1023	918	1124	869	1228	1136	336	408	884	180	499	1456	296	1177	148	1610	1618	158	533	1324
57	20	262	588	131	1169	38	1172	1195	850	1222	1236	140	266	1036	387	49	220	1414	27	708	847
57	16	263	183	1170	597	474	108	66	1223	685	1337	296	442	87	608	192	184
58	28	284	372	421	493	660	744	889	767	795	1094	583	216	986	1340	496	645	1369	185	422	1090	1256	1014	1255	1612	535	1224	1365	122
58	20	276	384	422	494	493	744	645	1014	820	535	1255	583	1224	284	1464	1039	825	1355	573	1340
59	2	289	390
59	21	12	391	569	604	640	983	1128	963	938	1301	1262	1436	1475	560	497	1380	1587	167	1185	1101	28
60	19	301	599	606	1205	1209	1086	1418	43	111	1505	1492	973	1385	1622	1655	1168	1238	233	633
60	3	302	1250	145
61	9	304	581	126	447	684	532	1179	1547	1157
61	3	65	466	178
62	10	307	568	484	1292	502	515	1380	1262	400	914
62	8	126	340	75	501	447	286	401	229
63	6	311	376	425	246	836	377
63	6	85	377	119	38	587	509
64	14	315	400	123	569	938	115	1257	1275	12	963	690	1130	1576	484
64	8	316	401	75	409	804	1258	771	278
65	31	322	778	857	410	912	296	1068	336	913	547	543	323	829	1370	630	810	1356	164	326	148	506	722	1564	533	625	675	452	950	1343	1283	110
65	31	323	625	506	547	881	913	533	722	326	912	336	322	1343	1356	810	110	630	1370	410	857	1068	1332	296	164	778	950	691	675	829	1536	543
66	4	331	344	1571	1598
66	7	140	345	1147	753	1245	549	22
67	44	335	588	282	807	563	272	236	553	632	451	1138	1149	1194	1019	382	159	361	519	1226	724	392	396	246	1198	38	1221	1281	81	319	78	355	1523	657	425	1578	1594	212	1186	1511	1287	646	1231	1105	1069
67	7	65	446	196	466	283	1359	15
68	16	341	468	624	849	430	998	1060	733	838	1252	1311	1394	338	417	665	191
68	42	342	184	625	890	907	247	521	999	336	120	750	8	122	121	295	21	594	533	761	112	1312	762	1395	183	292	410	828	79	379	1335	160	237	1008	984	68	813	1614	615	420	499	705	985
69	2	356	1137
69	16	357	239	1235	648	1283	1346	1356	1362	768	522	389	293	180	1592	1634	1644
70	5	372	493	1213	16	17
70	5	284	1213	493	17	16
71	4	378	593	843	1550
71	9	379	594	351	1072	180	1403	1531	1537	1028
72	5	18	682	714	529	187
72	16	47	77	107	683	626	412	554	194	853	436	1251	225	673	29	60	1161
73	7	167	411	1304	794	872	1478	1582
73	4	388	1305	1417	1479
74	5	405	483	390	1200	1621
74	11	406	484	970	1101	754	1128	560	996	1544	568	104
75	23	295	7	336	579	691	17	761	285	630	410	625	547	778	994	580	1408	16	109	1409	66	1564	1296	792
75	21	410	541	543	580	66	16	322	109	295	778	649	625	761	994	1409	17	630	1408	691	1332	1055
76	13	304	712	1152	993	1290	1386	1197	1330	1512	1179	126	684	447
76	6	65	196	1153	466	826	178
77	3	446	407	826
77	5	407	65	196	283	466
78	5	265	1029	1401	1497	1259
78	6	448	1030	72	1402	111	1385
79	3	451	1221	1245
79	2	283	15
80	6	457	140	212	236	396	553
80	2	458	784
81	8	468	665	849	191	838	338	1060	624
81	15	469	666	203	259	156	643	578	355	642	1016	634	815	14	1226	653
82	8	225	60	626	697	1161	162	436	77
82	15	485	296	627	467	660	691	323	913	1068	277	557	731	295	410	66
83	22	486	601	754	851	642	399	544	259	1053	848	1288	996	1123	133	1088	643	419	1303	568	387	203	734
83	2	487	755
84	5	488	104	1115	1309	1575
84	10	489	946	834	1302	1534	586	1489	1560	1117	596
85	2	492	1006
85	2	286	1158
86	6	497	515	963	640	12	1538
86	1	13
87	1	409
87	1	525
88	1	542
88	1	6
89	3	549	1350	1031
89	3	107	1351	395
90	10	29	47	626	77	60	554	697	673	436	225
90	11	554	673	697	626	683	60	225	29	47	1519	436
91	4	557	799	372	1090
91	6	76	965	1218	445	19	618
92	11	563	85	591	929	231	1231	1169	311	704	821	335
92	8	564	597	636	1265	819	1170	1075	1632
93	7	589	1480	1507	922	1508	1585	590
93	4	590	62	1508	404
94	6	591	652	929	1414	139	1562
94	13	309	464	930	636	1171	1024	608	24	881	323	950	547	609
95	8	595	153	1532	313	342	5	463	154
95	7	596	637	1533	565	431	188	946
96	5	615	160	746	102	68
96	8	82	643	1088	601	169	203	1245	715
97	4	196	65	134	440
97	3	656	888	205
98	7	235	140	78	548	944	708	169
98	5	670	947	237	1196	931
99	6	476	869	381	418	994	227
99	2	674	870
100	8	109	769	810	630	1122	675	110	1136
100	8	680	675	630	110	810	1136	769	1122
101	10	690	12	1393	963	497	640	115	964	1101	1475
101	1	13
102	2	694	934
102	12	695	707	823	933	935	1078	1217	1360	1422	1474	1558	1573
103	3	529	187	18
103	8	698	767	1400	295	1486	839	66	799
104	6	699	640	515	1538	1393	12
104	1	13
105	6	708	394	67	591	1002	457
105	3	709	1211	636
106	9	713	21	171	568	851	976	26	1643	536
106	3	225	805	977
107	4	724	802	671	632
107	4	725	891	1467	180
108	5	726	477	652	140	940
108	4	79	867	1449	939
109	2	734	1248
109	2	735	1249
110	6	599	251	814	96	1418	1460
110	4	411	6	1025	445
111	1	738
111	2	739	309
112	8	744	1028	1208	625	1482	421	363	780
112	2	75	514
113	4	457	396	642	140
113	3	458	784	1005
114	12	222	17	579	722	937	113	678	669	452	1173	124	57
114	2	279	99
115	7	771	1006	1215	75	446	1652	409
115	7	96	747	1190	111	1133	1505	525
116	4	779	1088	469	715
116	3	780	499	709
117	9	322	950	1289	927	985	336	792	1332	1074
117	9	792	985	1074	1481	950	729	322	1564	1289
118	9	806	814	840	525	251	1299	1411	1273	1067
118	5	250	1073	1126	1066	1633
119	2	811	327
119	2	327	811
120	5	843	962	1442	1550	1630
120	5	844	362	1443	593	1631
121	2	778	625
121	2	625	778
122	7	868	896	948	1097	1527	1323	1609
122	9	190	897	949	1098	283	1528	15	178	1642
123	6	109	936	691	66	630	579
123	6	630	579	66	691	109	936
124	3	888	205	656
124	2	617	1146
125	2	900	1237
125	2	901	1238
126	10	703	1119	1011	1004	1111	954	687	1646	1373	1392
126	6	702	1120	910	1184	546	917
127	1	41
127	1	937
128	7	662	376	377	22	509	23	159
128	7	159	509	377	23	376	22	662
129	6	993	765	75	446	826	501
129	6	994	984	420	359	739	625
130	2	996	568
130	4	283	196	466	65
131	2	283	1341
131	2	1005	1342
132	3	1015	1037	772
132	1	13
133	1	1041
133	1	75
134	2	568	851
134	2	107	395
135	8	759	312	5	342	154	460	153	313
135	6	1050	539	188	431	637	565
136	7	1051	1034	260	324	1470	1412	1188
136	5	1052	1261	1333	1347	1351
137	6	599	1168	1460	814	525	251
137	2	1059	542
138	10	797	708	1106	27	753	578	131	899	1	105
138	8	1087	192	263	577	183	564	398	1543
139	3	1096	331	896
139	4	904	1373	1298	1466
140	6	1097	948	1323	868	1600	1527
140	7	1098	949	190	511	1601	1267	1642
141	2	428	1136
141	2	1117	188
142	5	501	286	175	2	229
142	2	870	1509
143	3	656	205	888
143	2	1146	617
144	1	466
144	2	1157	1547
145	1	1163
145	1	936
146	6	1187	532	1389	232	126	1267
146	3	65	196	178
147	6	279	35	505	99	364	600
147	8	35	279	99	1214	505	600	526	364
148	5	466	439	1359	196	134
148	1	315
149	2	1146	617
149	2	656	205
150	5	685	1056	1584	889	1289
150	4	196	1520	75	1659
151	2	107	1261
151	2	1267	446
152	2	1276	286
152	2	440	1513
153	3	206	600	505
153	2	103	99
154	3	886	669	461
154	3	1020	74	828
155	2	65	949
155	1	107
156	4	1365	1094	384	1090
156	2	1366	1604
157	1	826
157	1	13
158	1	611
158	1	178
159	1	1195
159	1	108
160	3	1431	334	352
160	4	290	550	334	352
161	6	1437	1473	1536	1403	356	764
161	3	1438	1333	107
162	2	1447	557
162	2	1448	1613
163	1	1476
163	1	1477
164	2	687	1373
164	2	917	1184
165	2	637	565
165	2	154	313
166	1	1346
166	1	195
167	1	1568
167	1	1369
168	1	1630
168	1	1550
169	1	917
169	1	687
170	1	194
170	1	25
171	1	869
171	1	229
