01489161
13326198
00657016
09307300
03058603
03309808
08184600
08182379
02254258
00228535
09952163
00482473
00510189
02491383
07556637
01167188
02653996
04411264
00302394
01451842
09763784
13931145
00431893
02418686
13359941
13359690
13982357
13980845
07313241
07313004
02047650
13878112
07710616
07566863
00609506
05611302
01370590
00957176
05614657
00589309
02523275
02058794
04278605
02046755
07238102
07234230
04018399
02796995
02627221
14633206
00467717
13373214
00120010
00119568
09892693
00589769
10271677
10285135
02196690
14607521
09334396
02022486
08675967
08615374
08278324
08278169
01227137
02588099
02269894
01143838
14780040
00238867
00297906
15129927
01838651
01904293
10221312
09930876
01859325
01858441
02048891
00342755
13858045
00869596
08873622
08691669
10478960
10676877
15160579
00619183
09811852
01134522
01364184
01679433
00039488
05259240
00891936
10149527
02828648
03519981
03224893
03679384
02958017
08860123
00812526
01216522
13279262
02291708
07738353
01262936
03841666
03953020
04612722
13877918
00362128
02527651
00076072
07573696
07580053
01186208
07578093
03684823
03380461
07678193
07677593
00320681
00321148
02395115
02368787
13875571
01673472
13867276
01223182
00365188
14428160
14429985
03216828
03638321
00914215
07123288
00416399
00416135
02337667
05716577
01828736
05813229
01874568
02945161
01547001
01985029
01944692
09861946
01418037
07847198
00284798
01882170
00458471
00458754
01880531
02035337
00075618
05816790
00922867
02194286
05715283
05256862
15137676
15118453
10140783
00657728
01257612
02531422
08276720
08287586
00856860
04629194
06950209
06947032
00369628
10280130
00595146
02566015
04645599
04827652
02037272
01857171
01857325
08871007
08878016
00749574
00732746
09359803
09361517
03420559
01089137
05959954
03057075
00605310
07424109
05243704
08657249
00076393
02174115
01179865
10042300
05243879
02542280
04641153
00910135
10018021
02671880
02080577
15234764
15154774
00014742
00014405
00963283
05960464
13319726
13319032
04426618
04096066
13403331
02896789
13559409
00028565
05601357
07440979
02939919
03195485
00702226
04438304
00208797
02401809
00239614
14889479
15119536
01731351
09759069
08280124
15170504
15163797
02636921
00930368
00274283
02405252
00208943
05046471
00341917
00884466
00889472
09934921
13384877
02124748
04980008
02686568
02932019
05524243
05246796
01966861
00616498
07181935
07180787
04894037
01899360
01155421
03386011
05043973
05042871
02551602
11083656
06960566
06960298
00330144
00388210
00366275
00357680
01684337
04157320
00853633
00431005
02653159
02651424
07260623
13577171
05734381
00851933
10227266
02100709
00696852
00891850
01849221
00280853
03873064
01576917
13575433
00815801
01941093
01222884
04873550
15155220
15165490
01637633
05769471
02352019
01886407
00231567
02644622
01168961
02592397
01194418
03470387
04216963
07678729
13933841
02028722
05238282
05245626
13282550
13282007
00492410
02547225
03691459
03274561
10618848
08366202
15146545
00704305
06277280
06277803
03287733
03431745
01675190
04796490
02519991
02672540
00854000
01425511
01223616
05257737
00869931
06508816
13875970
02687251
01387786
01149911
11450566
00506040
05706629
05706228
01475831
01483324
00369399
00369802
01800422
06716796
04902925
00683185
00015303
00015498
10334567
07891726
00459114
06946497
02958126
00749767
02537407
08875547
08540532
02045790
00342028
01134699
01305361
02085742
00869126
02329292
05246511
01740892
02512922
01522052
10781984
10548227
01177033
00807461
01140794
02512053
01115411
00044673
00855295
06777794
13758745
05635188
01097031
05640184
07450343
02599939
08274923
01111816
00133417
01716227
01549291
02513740
00052146
05945508
10515194
09759501
01424456
06201136
10059582
02271137
10216106
01647867
06773976
13459322
06055946
08877807
08524735
13560417
00210259
01924505
10293332
00074790
00013172
08544813
08548733
02237631
02236124
01106272
01951276
00384620
02446651
00828779
00095329
00095121
02738701
02829696
01073241
00859604
07351909
01349493
02876088
01895630
01489722
01646941
02529284
04665813
00298041
06220616
09430771
09411430
01853072
01507175
00123430
00123234
08183398
00896688
00896348
07618871
07612632
02792552
01950502
00616153
10351625
02334867
02738031
00215838
02402409
13333237
00842989
00264875
14599641
05240211
10612931
02417504
00429440
10062996
00653620
09626238
02461314
02473688
01406684
13793776
00890590
00890100
13969243
02738544
00885925
01210816
00810557
00204199
03057021
00051511
01489989
00713952
10209731
09777012
01981436
09433442
03916031
02126382
01952750
05514905
05526384
02583780
02583139
01181295
10763383
00882702
02191546
03469493
02677718
00800421
10084635
08556491
00897811
00928015
01845627
01850676
00537682
00532110
15010703
01073822
07246742
02746365
01136614
03199647
04081281
13382766
13381734
01223833
04073669
02252931
08518505
08647945
09360122
08617963
01981279
08894456
09747329
03065424
02049190
07441619
01612084
02964389
03125870
15228378
02743112
01099436
10388440
05198036
13291189
07458453
07456188
01866192
04101701
00858377
00199912
15282696
02055649
07886849
07886572
07800091
01180206
00113113
01390616
08254055
08253640
09274500
02253456
03872495
08612340
08616311
08253815
08875369
08537837
07236077
00999245
00295697
07866151
07557434
00203649
00800930
02447001
09892831
01093172
10768585
08250635
08188235
00417397
07491981
07555014
01153947
02344243
06510977
09424489
08518171
01983797
02098458
00700652
00661091
00085219
02273293
01322221
14427239
09879744
08877382
03130073
13446197
02673134
02190166
01940403
04626280
00853776
10039391
02566227
00744616
07711471
02250625
01524298
13774404
00017282
05737153
09622302
01775164
00766234
00804802
07181546
00657550
01003729
09884391
01322854
02944826
01055165
00666058
01535709
02124106
02124332
03891051
03589791
05755486
00482893
08873269
01551871
00259643
08890097
08881674
03497657
03138534
15122231
09217230
09287968
08069878
08419984
01424948
01609953
00417001
02672187
01912893
05003090
14024882
14034177
00618057
08891889
10275249
14971519
00328128
03612814
01265740
07622261
00417643
01547390
01064148
08892766
01239868
01765392
13971561
10435988
10560352
01111028
10117511
00764902
00759551
02274482
01145015
02579447
00511212
00768778
10775379
00745637
00185104
02834778
03796605
01840238
00300441
13650045
13649791
09886010
10320863
00247792
00324231
01950798
01955127
02478059
10214390
01853498
01852861
00215683
02950256
00492677
01158596
14708720
01949007
02930766
13650921
13650447
08428019
01919391
10709529
00614999
01954852
02194495
05715864
02001858
10720097
03451473
05187446
05177285
02418205
00782072
10722965
10095869
10099375
04995531
04995211
00597629
10474645
02217266
01098698
02174461
07380144
01785748
07537259
02463704
00741478
02064131
02105990
07512465
11527967
00271263
10186774
09701148
09700964
06767693
05967097
07153727
00853958
03581125
03605722
09367991
02632567
10643837
10245639
01010334
00658052
02043982
02044278
00026192
01169067
10132988
04335435
01945183
02249741
00880227
06695862
01088381
01098869
00258854
09351547
09397391
08013453
08392137
01167981
01166351
10655169
03719053
03718581
01025913
04660261
08874273
02521410
10002760
04347519
03701391
10702781
00759694
05517406
05516848
00016380
00858849
00999787
08279298
02858304
01072780
01072565
13594585
09916209
09893015
02033137
00953923
06767777
00490968
01266895
10118587
01058880
03109399
00094001
05245192
05244934
01741562
01726692
00259894
01602318
02152212
00499642
02725067
14013005
04850996
10248876
00031820
05524615
05526175
14493716
02317970
05008227
00276813
01537409
04594489
02354536
10298647
02708707
10744164
03471779
00259177
10766025
01523986
07961016
05658226
00207728
01780941
01222666
01738347
01020117
05219724
05513807
03763403
06513366
00753428
10607706
00682436
01158690
01035199
09879297
04629604
04993413
14589223
02950826
02957823
09688008
04005630
02992032
08879388
08633957
01724185
00550016
04031884
10412055
05717342
09437454
01235137
01234729
07520612
02506361
00514658
00514128
11449907
02644234
13580723
01183573
01017738
01639105
06878071
01067512
01856626
01318478
00051045
06624161
06764623
00159899
02677332
09435965
14299070
00071803
07596684
07557165
15159819
00734927
03540267
03381126
01224744
00830448
03679986
04571088
01469770
07186148
02880940
03206908
07883860
09790278
00643197
13934900
01589497
00695523
04907991
10454972
10071332
02053941
02911158
02639606
02079525
04493505
00874977
01153762
01153486
00311663
00754873
00358089
00356790
15147850
00252710
07621776
07621618
02666943
13363970
00616857
13112664
13118569
04441528
06941644
00417859
13246662
13246475
06276697
06271778
00542809
00438178
14599168
14739360
02669885
09759311
04137444
04257790
04576211
00272448
07248653
02302817
04592741
02688443
07609840
15159583
10112591
01074650
10702615
02667900
02700104
02657219
14012667
07874780
01945381
07556970
00622584
01144657
01851375
01150467
01922763
07515560
01182293
01156899
01156438
01933305
10433452
00240571
00490722
02192992
00509846
02493260
01030022
05074374
03814112
03068181
14563564
13766896
13756125
08892971
03024746
00300317
03003344
01475282
02270404
10197967
00854150
09940146
01614079
05714466
10196965
05152696
10058411
09366317
01185981
06513764
02398854
07295955
00229630
06509210
00183505
02462580
01093587
00505802
04854389
01696135
04683136
14989820
00287258
00450335
01958615
06698252
06697331
10712573
02202133
10561613
01193099
02950482
01273263
13573666
04574999
01887020
01859496
03111690
02363128
02466496
01125693
00897026
06892775
08168117
08167365
15184170
15183802
00793580
00343249
05241072
10402086
00889555
06686174
10224098
09826204
01425709
00138599
08654360
01180351
01226600
13344664
00891216
05769726
00319939
02000868
07622061
01847565
00034288
08893223
09203827
06778102
10021892
02893338
00598056
10480730
06700030
14361182
14360459
04484160
00136800
04242704
02021376
10057714
03082807
15235126
01532329
04694809
02868916
03337140
01001857
10562749
02167571
03467984
03916470
00043480
05713737
08887841
03498316
02784732
01121855
00838367
08818835
02999410
07858595
07809368
01065441
07642182
07628870
01053144
05714894
04906273
02542795
00285557
01849746
00315390
00969506
01391280
00463778
10237196
01431230
00793037
09961739
00599835
00076563
00270215
01661818
10760763
01526956
06669384
06667317
07710007
07707451
00811171
08041840
08638260
00321486
04370048
03815278
02520509
02940509
00172732
01858989
03343853
08894319
07676425
07675627
14705718
01269008
01125429
01131043
06702458
01818972
10118382
00487653
02331919
04048568
01547641
05174653
04565375
01273016
06855207
07544647
02530861
00105554
02094755
02191766
01064999
04447443
02919100
00962129
00341548
06904171
07800487
13344804
03542333
03542860
02087551
02087122
05050379
09826074
13278375
01055073
14429608
04146050
02387910
00261405
00167934
15137890
08895928
09316454
01133825
02326695
01613463
02368336
08571139
13969700
07383823
01928838
01589217
08558488
04577293
00442115
07832902
14449405
02632353
09702134
13897996
02935658
13970764
01215694
00745499
01009871
01640850
09730533
00374668
05014099
02281485
00015806
03763727
05525252
05513302
02864593
03988170
03200357
01167780
13874073
13873502
03340723
03851341
00320284
15138401
00651954
00660102
10506915
05525807
05236322
00082870
02384686
07127006
09889941
00969137
10409634
02593354
10217436
09907196
10164747
02389220
08683548
01406512
01406356
04341133
04329477
10142747
10143172
00273319
02346724
00084371
08876773
08554440
02196948
00514871
15068436
08346655
08342039
05382729
15167027
13259917
13254985
00773285
00072261
08504594
01167146
10566072
01256157
04191595
02991463
08337324
01305731
01395049
03959936
00840630
08493064
02812482
00186740
14798450
00366547
04659090
01027263
04578708
15160866
07695965
07712382
09701603
02672371
09827683
15145586
00209546
02473431
05186306
10672662
10452752
10287213
06561942
01936537
04463679
14498404
13869327
13867641
00273963
13552270
01906823
15146004
09810364
02275365
07884567
06790042
06789411
15170786
15169873
07896994
04713332
04712735
01606205
04236001
02701445
01509079
00106272
07433145
01112364
00148057
00420132
01957529
00299217
03096960
10013242
00737536
03352961
04500060
00992331
01856225
10160412
02886599
04336034
00962722
04879658
14425974
01321854
01321579
13345286
04404412
10242791
10083823
02933304
00812274
13456715
08547300
02311260
10298912
01389329
08286163
08282696
00265386
13298935
13298701
01856553
01855672
03315805
13391452
13388245
07859583
04666837
04666615
05731568
02195470
07869937
08891595
01216004
01914947
00293916
04870643
00894552
01190494
05716744
02123672
05658603
00481739
15227846
06185748
00083975
10527334
00435688
00125078
06483454
01498498
08523483
04466386
10409011
10614363
07851054
10632576
05705184
01850035
04305323
02091885
07556872
00501479
00499066
01858910
03032811
02257141
07642471
07597145
00646833
09918554
14427065
02544191
02543874
08182716
00453935
09612131
10782940
07703889
10102369
00843468
02693168
07460104
07442068
01679806
13421832
13358549
04096733
02819697
09272085
09386422
07543288
01775535
07722217
02543181
00942234
07177437
08954057
10564800
02463990
02672859
13450636
13946760
10495555
02245555
01196802
01949110
02924116
01151097
01848648
02102398
03525454
03525827
05331404
01166926
01922895
00278810
02836035
00189565
00186634
10494935
00443231
08879680
03814906
03908831
13453428
05769833
08246613
01955984
13138658
13138308
10590339
15164957
10365984
00140393
01510827
05245775
08033194
02451951
10150940
07711080
00085432
00088481
03933529
01305241
04046810
00765193
14455700
00510723
15228162
07288639
02021149
03098140
06874688
10785869
02706816
03191776
02770830
10489944
00139908
00882961
00182213
02384940
03904183
02664769
05638778
09841188
05050115
05046009
10077593
02331175
15273626
00271520
00433661
02188699
02159955
01337653
07679356
00735389
10017422
00596692
09906986
04664964
10096217
13292787
14622893
04460947
01242716
09762385
10437852
00844298
01723224
00418615
10783734
05513020
05512670
01672607
04794751
03697109
00365471
05636402
10693459
00452293
00685683
00076341
14431169
03881534
03141065
07390945
13986679
01816431
04544979
00510922
01848976
01846331
00425905
07573241
07573103
02125641
00073828
13418047
13417410
01850373
10536897
10526096
10183757
02546075
02909006
00314469
01473806
07532112
07531255
03150232
01476685
00373520
00483181
06715786
01364357
07829412
03852280
01950657
00608978
15246853
02463141
02346895
08223263
01522276
02092309
04159354
01354006
13377268
00597385
10117017
10760340
02400760
01224517
00852922
05050668
01418179
07449862
07447641
04862592
00593219
00985106
00984609
05696020
05695806
10162354
00129089
07491708
02717831
02641378
01821634
01180975
10433737
00233386
00456740
01847845
02111684
02112891
02360448
04850589
13384557
13372961
08874469
08546183
08398036
00973077
00964343
02464342
08552138
02512150
00555648
04322026
13298011
13296899
01219706
14440623
10299250
10464542
00596393
05527848
05264756
02477334
00945916
09833441
09917593
13622209
13622035
01151407
01852544
13428159
00358931
00560893
01954559
01220303
14008806
14436875
03061505
13385913
03462747
04792357
01866610
01197338
01182024
10769321
00323856
00322847
01955508
06946823
13530408
00239321
08895497
05615147
00754731
10252674
02718015
14738752
04545471
08618379
08520401
10753182
13603305
01353405
03024882
09704630
05645199
05644922
00441824
02466132
01961691
01777210
15056541
01372682
03461385
02326198
06685456
02792903
13416345
09986189
05006898
00651630
01966706
02317661
03541696
02652494
01926311
13617952
03309465
03656484
05527216
10064229
15259284
01082153
01173826
04792127
15183428
01072072
08491826
04468005
01852701
02676496
01256332
01725712
02743020
08543496
03905730
05659621
05654052
02084071
07237758
00727991
04087126
05748786
00730499
03479397
06645039
02091410
01063695
02087156
01574292
08677801
08569165
13970236
10403876
02973017
04470953
01848123
05967773
03757723
04334599
10100124
04405907
03617594
10193026
01398941
01398212
07673397
07672135
02784218
02959942
01926984
00085678
13290676
02112029
01052248
04980463
01844859
00713250
01489332
01542252
14585519
10512982
04852088
02099829
02421921
04437953
04436675
06696483
02729965
15165289
13409647
13409160
08339454
08077292
01820302
09847010
00450866
13719410
13608788
03823540
01088749
08439955
14796969
10093658
03640660
01219993
02887209
10562391
15237567
02344060
01845477
01240979
06535222
08453464
10565502
00878052
01001643
00504592
00227507
06056923
00584954
03045337
03863923
05762149
00212049
02017937
01853379
01266945
00716130
10683126
01960911
10336904
10411551
03616428
04100174
00599472
10570019
01570562
15171008
15157225
10453357
01087197
02110927
07705931
04289690
03694761
10184822
07183151
08553535
01135529
02163301
04024862
02801938
01177703
02521816
02438861
01134479
10683349
15169421
01246579
05509146
01480149
01480469
00593108
00143204
06884790
06883073
01524871
02194138
14619225
02196214
00290579
02754103
14485064
01646528
01996735
02804590
09757653
00421535
07569423
07569106
03399047
10113362
02344381
07295629
01373138
04863074
10069645
09262690
09468604
10451858
06682794
01489734
08626283
00222472
01134238
09280380
06481156
06777687
02290196
00330160
02465929
07631212
08167953
09612291
00181781
00588473
10535706
09772029
14409489
14408086
01179707
00606093
01601234
10472799
05681117
14374432
08696931
05525100
02218635
09993901
01851996
09624168
10024119
10582154
09609561
01672014
03624966
00511041
00752493
05058140
04764741
13325010
02270165
02270815
15236338
00485711
10023656
01292727
01292534
10672908
04217546
04201733
02814533
05526957
14002279
03971422
04440749
04713118
10500942
06950528
10506762
10622053
01176567
01176232
15157041
00661213
08877208
01531265
01531742
07751451
06595351
06258228
00447540
07551052
14842992
07795598
07775375
10672192
10208189
10476671
06696025
10020890
08521816
04994413
04992163
00029025
10147262
01850192
15228267
03895866
15273955
07209305
10210137
02515214
04638585
04637923
02345272
04730580
05258299
07186661
10318892
03059366
02934168
07515790
02381726
00980908
01781983
01222328
07310507
08284481
10064046
00889831
08342670
04283378
01230850
02003601
00026385
02088627
10508475
09957156
01503268
00329831
05264247
05264081
09302616
03816849
01263018
04993882
02210119
13981403
04159058
02174311
02301825
05611684
02126022
15137047
00620424
00223854
15166462
05695554
09893191
09943239
02261642
02261464
01385920
04980656
06781383
00105778
07944050
07943480
02570267
08612049
00365647
05635624
02072501
00506952
02313250
03133538
01488956
01580928
02633534
02329883
02332999
01373844
02765190
00842538
05826914
02760429
00351406
00350461
09281777
02662979
04713692
06220819
04795545
02383842
02379528
00937656
08276342
04400289
03078287
09884133
05714161
06268784
02631659
03958097
10395073
10335246
08539717
09686536
10330189
04839676
03781787
09994119
04828255
00981830
06695579
05924920
02263788
04561734
03364340
10561320
00849080
02027612
03040836
00350889
00985921
09626031
00583461
02446164
02863724
09906848
00590148
00080304
07059255
07071942
02235666
00470084
06477209
06471737
00364868
13720600
13720096
10411163
10529965
00345641
01855343
01855476
01150200
01230283
02193974
05768553
04520480
02512808
08431721
04413969
10433164
07577772
00095971
01222645
05768806
08873412
08587828
01004582
10681194
02619924
05701738
10550090
04339291
00601822
02817650
02288295
04066023
04511002
04926427
00125633
10742546
09918248
13855627
02666882
02902079
09807754
00127531
13712428
13712592
00091124
00583246
03046257
00283568
06961399
01849747
04997472
03156405
03003730
02486693
10261388
01054227
08543223
03821660
01487311
07889814
07889510
07294019
07480896
00538876
00199659
03457686
00208210
08591269
10395390
03907654
00597957
05421723
06156968
03663433
13876371
02446819
10211203
07620327
07620485
05456732
01203676
13421462
00724029
00456596
01854047
01235463
00740712
00810729
08543081
00487874
00483935
00513401
02120458
01419473
02994858
09224911
04134339
01572978
04852750
01216670
05715150
00320486
06882561
10707233
10373998
05207130
15158816
13281275
02742232
04753799
04753455
01064758
09849598
01215851
05144079
01854415
02744323
03163222
14405931
03533972
00512843
09221070
04585456
03519578
07813107
03216562
03990474
10637038
01782218
00964105
03171356
00601783
00299580
00046109
13341756
04398497
03420440
00296585
02034671
00213353
01354405
04713428
01100145
00409211
10548537
10548681
04695963
03777126
04314522
03101796
13615557
03075768
08876975
06961557
15203229
02023992
02023341
00958823
01021579
10174695
10300154
05523269
15160418
05815890
10793168
10503452
06263369
10117267
06700325
06700169
10013614
07579076
08277805
02022359
04864515
02005756
10412910
00800940
04020617
09935233
03842156
00812977
02341266
06699225
04842515
04842313
00963241
01502762
14409718
09942871
10026553
00066397
01754105
03999992
04901326
10562968
00261258
03470222
02600255
04879340
13529616
01612295
14426449
00772813
07588947
03863262
03121897
15222686
04499660
07752264
01527271
14814531
14844693
01041762
13757724
04497570
00009978
00468236
02001461
00595935
00802136
06714976
08549733
13985818
07480068
01073655
00375021
01470225
00962634
05040275
06216160
04015204
08161068
08472335
08464601
10569744
04381994
07514968
00087152
08495617
01432601
13939353
00313647
01857632
10257647
00514396
08895771
05091316
13252062
10269458
00107875
15167906
01193721
01117723
00061290
05524430
10181990
13398241
08311687
08310949
01235258
04049405
07338114
03769967
03770085
07677860
04405540
02878222
08549480
08382297
08381820
10378780
02443849
08382056
03101986
14493426
14493145
02298471
06778777
04055030
04907269
06200010
01304121
01277755
00419950
08410688
06518253
06518068
13542947
15299225
02324397
02759963
05706954
07062697
05525628
00761713
01232246
10152083
10162991
00070965
10051975
04135315
06780882
10717921
07847453
08167779
01305542
00578116
10164233
02599004
05639651
10681557
03626115
02667228
15169136
03906590
07722485
06716234
07674749
01116968
13752679
13745420
07921834
07921455
00453424
07643026
05707146
02027030
01502654
10756641
02091689
00616361
00854393
15166742
04390873
04115456
03199901
06513953
09218641
07590611
00552841
06529219
04240576
01587077
03764822
04520170
04780755
08624656
00550242
07809096
10087736
06263609
15200661
06730780
06212839
03513627
01135795
14455206
00135718
13315077
13314936
10324357
10157744
03868044
13390857
07696527
13103136
07961270
03472796
08261589
08256968
03325769
03328201
08555333
08858942
02936281
02025550
07572957
03664943
00606335
08437968
08437515
14877234
05659365
04721650
10641223
00325785
07810907
00739270
00139729
00616083
01743531
00047172
10216403
04928416
04924103
13493998
03210683
01782519
08597023
08619620
10197392
10607933
03393017
01950128
15169248
02439501
01105737
07204911
04008947
02546467
04640927
00897989
08524130
08036849
00790703
03772077
02984061
00340989
07634901
07635155
00463469
00609100
02118242
00451866
06276902
05626618
05625879
08482577
07710283
03673767
14705533
03350602
04595855
07670731
04566257
01493897
13426238
13286801
08397255
13622591
05011790
07890068
02039156
00535844
04257986
10697135
01053339
10610465
02398463
01234345
15163005
13623054
13857486
13854649
00122661
03487090
10676018
10656969
10280945
04465933
00962567
13948136
10488016
03264542
01504699
04508062
02967626
10512708
09937489
00127672
01190840
08402944
08402828
01015104
14779550
06877078
03813834
04213626
15244351
15242955
01799794
01123095
03772269
02708420
04660080
13752172
08197742
10272171
01097743
01497292
13408641
13408023
04586421
00622266
06596179
03248958
01120448
01087178
01086945
01068012
10601526
04728376
13393427
05196582
10406072
07965937
10191001
05289601
07204401
05355527
04026813
02206619
02839200
00593837
07459642
06254669
07620145
01856748
03963028
08278924
08892058
10782791
04110955
04082886
03820950
07575510
14836127
01624633
01671039
14299336
08539893
00433458
00307314
00306900
05245906
08347206
14299637
00858188
10025730
00595684
03038685
00841628
13254805
10657556
10657835
03000447
08046759
08879197
06877578
08153874
10413276
01647672
04781967
08252602
00180770
07577657
01665081
07066459
06477003
10202363
02965300
04782116
10408324
00121645
06695227
14865800
07835051
04606574
08688247
09830400
02767956
10490421
07236759
02089420
10726786
13716084
05515670
04359335
05044673
00138221
10690421
01983771
07182485
13926932
13925752
05005250
00552815
00048790
04842993
01814396
05923696
01118614
13753067
09835506
00853835
12633061
06478734
06478582
10058777
13422061
07450549
03883664
03880323
08367100
08143486
00815173
15290337
07612996
01263479
03118846
07065932
07432973
08285896
03138981
10644598
10305802
09366017
00479734
00479076
01177583
08254195
07843775
10345015
03502509
13297850
08311933
01087740
03700963
05816622
10695450
09991530
08626522
06349030
04229195
03900509
07860208
08504851
04395875
03702719
13344071
06529879
