01089137
08398036
13743269
13741022
02539334
01128655
01296462
01354673
05755486
00299580
00752335
10371741
04750164
04748836
01148614
00233335
02666239
04750764
01410363
01276361
00263813
05075602
02695895
09941571
00751887
10317007
00508032
00234725
10161363
10079399
00760956
01240432
04930307
00300537
04928903
10155849
10280130
00595146
08512259
02710673
01149480
01583494
01292885
07985223
02979662
03104594
00043683
00046534
10245639
10180178
00482893
07369604
01662771
05256862
04055030
01363613
07527352
00044797
10389398
01877204
07346057
00017222
01567275
09624559
01329239
04321238
00245457
13489037
13458571
00151689
01248191
00049003
14405931
01785748
03051540
03128583
00919513
00916464
01467370
08567235
09779790
10078806
04181228
00809465
00908772
01693881
01588493
02711114
13998576
01612053
01167146
00140652
01211699
01613239
01052853
02501278
01187810
00235368
05162455
02875013
01586850
07976936
01428853
10079210
02451113
13451508
13491060
00671351
01169194
03146846
01741446
00040804
00040152
08565701
02361600
01104406
10402417
06526291
00044149
07150644
07148192
02845576
00314469
00443116
00443384
01149494
00909363
04613158
10668450
00462092
00267349
02357693
00597634
00595935
01590171
00431826
07423001
05849789
05849040
00187526
00321956
11415084
11414874
04905188
01739814
01735308
03257343
01295275
02667900
02657219
01222666
01779165
04802776
04802629
00355252
00290740
04612840
04295081
10029068
09812338
05641959
00083334
00083124
00320852
03777283
01743784
03091374
01421122
02416751
02416278
01687569
07066659
08574314
08630985
01203715
01162754
01987160
04110439
02661252
10341660
00119873
00597385
01667304
04033995
03257586
00185104
00482473
15224293
00928077
00709625
04160372
10689564
01026262
07003119
01690294
10012815
02512305
10298647
02509919
00155487
10120816
10351281
00589624
02441022
09780828
00047745
02630189
06063588
01742726
13454318
01051331
01271658
04085873
01285440
04433185
09931640
00594836
02664769
01421622
03573282
10054657
03322940
00359903
01321002
13457378
10033082
00429060
00170844
00059552
03386011
02023992
00737399
01510827
07338114
14480772
00445467
04777098
04776699
00038849
03745285
02389592
02389346
06520944
01582645
00241038
00441445
05111835
05109808
05196582
05196375
02542280
04641153
01205827
01202904
06798750
02510337
05117660
07970406
09918248
01583656
06791372
01039330
03496892
01320009
07532440
04179385
01465365
00100044
00833702
00119074
07366289
06473381
01368192
00364479
00914632
00913705
10678472
10525134
00145218
02622234
07515790
01765392
07537259
03722007
03669886
00859153
01813884
13903079
02509287
04361641
01286913
10300303
07355887
01151097
00294884
13913566
01697027
01531375
00883611
00240131
04713118
04712735
01466978
00650016
00650353
01711749
00612160
02760116
00083809
00147595
01340439
13321495
13320168
01128071
02894605
13969243
01087197
04565375
04143712
01288052
05197797
02333689
00351638
01070892
00231557
05750657
05750163
01222477
01221611
14442530
01474513
02443049
00915722
01148283
00588797
02538765
06661562
09303008
01660640
01684337
10566072
01780941
05890249
01722980
07254057
00770141
00830448
01224744
07988857
04910973
01508719
03178782
01640550
02506361
07520612
09816771
02470175
13863771
05748786
05748285
04272054
02899439
02785648
05635624
00148978
01114303
09956578
00867231
10378412
02700104
10388924
02204692
13996300
02496816
03075768
00082308
01465218
01666717
00082714
03237639
14479615
00089027
00047945
02728440
00795008
00791078
00788821
07705711
00236592
02003725
01876907
01364008
13240514
13743605
07020895
01059400
03932203
00261705
13969700
01004062
01000214
08438067
06799897
01291069
02203362
10529231
02564986
04644512
06893885
01719302
03673971
01088923
03605915
00828237
00796047
07006119
03674440
13970764
01711445
06157326
02443849
00409211
06004685
06000644
00715674
00714944
07537068
03390983
00845523
02887741
00938419
00935940
04596852
00362355
00224901
01781180
00355547
00354884
01643464
00918820
01740608
01130607
03327234
01736822
08513163
08552138
03932670
03309808
00046109
02812482
00362467
02064745
02506555
10132641
02820210
00696518
04630689
10378780
09935434
08060694
10582746
03792334
01742886
01020936
10325774
02659763
02700455
01580467
00140393
10213034
00064095
10388440
01293389
03322099
03330947
02513460
14413644
00456740
00456596
07519253
01780202
05981230
05980875
08612786
00921738
00527572
00212414
05074774
01366718
00442669
00084230
02743547
04369025
01283208
00759551
00508192
00590626
09941383
03385557
01606205
09953178
02553697
01156899
07150850
01666327
01019524
10640620
13559782
00119524
00445169
08436759
09366317
01492052
01069391
04713332
00262703
00260648
04906273
03817647
03173524
01181475
00353782
10164233
02671279
02502536
00040962
02458103
02286204
09625401
02928413
01146039
13244109
00032613
14008806
04051825
01660386
09326662
03420559
03234306
02388145
02296984
10645611
01648126
03430959
01689379
02420232
05093890
04916342
00252019
01629000
05161614
00981276
03391301
04659287
00761713
04713428
02840361
01303242
00999817
00194969
13085864
02646931
00791227
04463273
00266806
01819554
03779370
08620763
08620061
09260907
01781983
02257370
07270179
00444519
01389776
10584318
00150287
13427078
01190884
01015310
13998781
14110411
03264542
10388732
06003682
09626238
00579712
00765213
01151407
02561332
00410247
00539110
04631298
01624568
02694933
01498713
06084469
02512150
08688247
01697406
00898804
00893955
13792692
09941964
09952163
10299875
01647867
06773976
10298912
05749619
02868326
00483181
10160412
04640927
04623612
04906026
09758781
02431971
00808182
04714440
04731497
09964411
04547592
07366627
04659090
01027263
00815644
01151110
00047317
00050652
10301261
00188466
03430091
00253761
00088481
00041899
00730301
01753596
10210648
05696020
01147950
06043075
02095311
00432683
13937554
13927383
03285912
00619972
03169390
01922763
00087152
10678662
00922438
13860793
07006712
01153548
05198036
00521562
01688771
01093587
02542795
02539359
00909899
01150559
01551871
09800249
10419047
02579447
01069190
01466543
02987177
01588134
07177437
01815185
02272549
09802641
02439732
00815320
00920778
01930512
04639113
08664443
04157320
08512736
01647672
00651991
02991122
06806469
02806907
10657306
10676877
01123148
00661213
00908909
10308732
01656788
13988663
08592656
07555863
15046900
01675963
03721797
00152887
05846355
00589769
01195536
04681387
00859325
00429968
13903387
03779621
06817782
01159964
01159776
03171356
05638987
08197742
01240210
03728811
00595684
05937112
02144644
00527367
07202579
10474645
00764902
05728678
09803429
03958097
09964805
06153846
02274482
03265479
10470460
00931608
02702830
03763403
04605726
01256157
01819147
01575675
09476521
01155421
00201923
03600977
01410905
00406365
09972157
02723733
03763727
00730499
10029269
03282060
13970236
10399491
00236289
13470491
06099269
05938795
01301410
13999663
02987454
08493064
00327824
03106110
00149084
01667449
06022291
06018465
04296562
13928668
01021128
10093908
00406243
13987423
07529563
03533486
04377057
00039021
09882007
14445379
07273136
00759694
00411384
04910135
01275762
05925366
08677628
08645963
08622950
01205156
01496630
00924612
01150938
07151122
08497294
10522324
03315644
01271189
07337390
09784443
02660147
07515560
09974648
00296178
09769929
02374149
05107765
05090441
06773434
04602044
13971561
03778600
00921790
15236475
02447001
00847340
03879854
01666894
10595164
01127623
01740892
00476819
00049197
00696882
02703952
01079604
00737188
01029852
03354613
02612368
09442838
10448983
03264136
03792048
00935005
03878963
01128390
01085474
00933566
00351485
00404403
00119266
07253637
06709533
01389942
02371684
04608567
03563967
14441825
01782218
06891493
05748054
00052043
03670849
13905792
01133281
08568978
08630039
03093574
10249459
00027807
10351874
10080337
10291110
04770911
07493280
00709379
00917211
03096960
06998748
01683582
05902327
05640433
00052374
05765415
03513627
00348571
01135529
03574816
09273291
09882716
08566028
00708017
01301051
10294602
04905842
05844105
01804414
00169651
05085572
05084201
00898518
14405774
03525252
07975026
02799897
00552841
09609232
04550426
03852280
09942970
06873252
07996689
01834304
02748927
06149484
07514968
09957614
00044673
02372326
09943541
05257737
00610373
00827379
00512186
03738241
00413876
03961939
02023341
00520257
00230746
