7406
0	1	0
2	3	1
4	5	2
6	7	3
8	9	4
10	11	5
12	13	6
14	15	3
16	17	7
18	19	8
20	21	9
22	23	10
24	25	11
26	27	12
28	29	9
30	31	13
32	2	14
33	34	15
35	36	16
37	38	1
39	40	17
41	42	18
43	44	19
45	46	20
47	48	9
49	21	9
50	49	21
51	52	22
53	54	23
55	56	23
57	58	5
59	60	24
61	62	7
63	64	18
65	66	25
67	68	26
69	70	14
71	72	7
73	74	24
75	76	27
77	78	28
79	80	21
81	82	8
83	84	29
85	86	30
87	88	25
89	90	31
91	92	29
16	93	18
94	95	32
96	97	33
98	99	23
100	101	34
102	21	9
103	46	20
104	105	5
106	107	35
108	109	36
92	110	15
111	112	2
113	2	14
68	114	37
115	116	0
117	118	38
119	120	7
121	122	7
123	124	23
125	126	24
127	128	5
129	130	7
131	132	24
133	134	39
135	136	40
137	71	34
138	139	41
140	108	42
141	87	14
142	143	43
144	145	29
146	147	35
119	148	7
149	76	27
150	151	8
152	153	44
154	155	44
156	157	14
158	159	23
160	29	9
161	162	21
163	164	23
165	166	8
167	168	45
169	170	46
171	172	7
119	173	7
174	175	47
176	177	48
178	82	8
179	180	12
94	181	8
182	46	20
183	184	7
185	186	15
187	188	21
189	136	40
190	191	45
192	193	49
194	195	8
196	29	9
197	198	23
199	200	5
151	201	1
202	203	50
100	204	20
205	206	3
207	208	4
209	63	12
210	21	9
211	212	51
213	214	52
215	216	35
217	218	9
219	220	53
221	222	7
223	224	42
225	226	21
227	228	54
229	136	40
230	149	55
231	232	42
233	234	56
235	236	9
237	238	52
239	240	57
241	46	20
152	146	14
149	242	38
27	111	47
49	243	21
244	111	47
245	246	58
247	248	59
249	250	60
73	76	27
251	252	5
253	254	21
255	256	21
257	258	55
259	260	61
261	262	62
263	264	3
265	198	43
266	56	23
267	161	5
268	269	23
62	157	14
270	271	63
272	273	34
274	46	20
275	276	16
117	198	15
277	95	32
278	238	64
279	280	65
177	281	35
282	283	66
284	46	20
285	126	13
205	286	3
287	76	27
288	29	9
289	290	3
291	292	23
293	294	23
295	296	67
297	298	15
299	300	63
301	146	14
302	70	13
303	304	68
305	182	23
66	306	69
62	93	65
307	308	7
309	310	25
139	311	70
258	257	62
312	313	57
314	315	8
316	267	5
317	87	14
197	170	24
318	21	9
319	29	9
320	238	70
321	170	14
5	21	9
322	310	25
225	323	23
323	2	14
221	100	7
324	71	12
23	325	10
326	146	71
327	328	21
199	329	23
330	331	54
332	333	62
22	334	10
335	170	60
142	336	43
337	338	2
339	340	30
341	342	58
343	46	20
344	170	24
345	346	19
347	348	72
14	349	3
350	351	66
352	29	9
353	354	3
355	264	3
356	357	18
31	358	73
359	360	73
361	362	59
33	363	23
364	365	21
0	112	0
366	367	5
368	369	3
370	230	74
371	372	9
373	29	9
374	375	75
376	377	14
156	378	14
197	29	9
71	379	7
380	82	58
381	382	24
383	22	54
11	369	21
384	385	76
386	387	13
388	389	43
390	391	47
392	95	18
254	393	5
394	87	14
395	21	9
73	170	24
396	397	36
398	253	5
399	72	23
73	400	12
401	402	77
403	404	8
405	406	0
249	407	78
408	409	7
410	29	9
411	412	7
413	29	9
414	170	60
415	416	79
417	360	73
418	419	80
416	88	25
242	76	27
41	420	18
421	422	44
423	76	27
424	425	26
3	46	20
426	427	81
428	46	20
429	430	61
431	432	82
433	434	47
435	170	83
436	437	5
438	439	15
440	360	73
441	257	57
442	443	23
444	445	56
446	447	14
448	449	60
450	451	43
452	453	0
454	46	20
289	455	84
456	294	23
230	48	9
412	378	14
457	458	12
230	459	62
267	460	21
461	98	21
177	176	48
462	463	85
207	464	4
465	300	63
466	467	19
468	469	21
470	46	20
100	46	20
330	471	10
472	46	20
216	215	86
473	378	87
474	21	9
105	475	12
476	477	88
75	170	24
478	246	58
479	480	15
481	450	44
482	1	0
483	484	57
333	485	12
184	486	8
487	488	28
489	490	8
491	492	18
408	493	7
494	495	33
496	48	9
497	498	25
499	170	60
500	29	9
501	502	14
503	504	53
505	456	65
506	507	21
508	29	9
509	510	24
511	46	20
512	513	89
454	2	14
514	101	12
221	515	7
516	200	18
517	518	74
418	519	80
346	518	21
520	29	9
521	320	41
522	88	25
523	326	23
431	524	82
525	526	5
409	256	29
446	87	14
497	527	57
528	529	7
530	36	76
531	87	14
532	225	4
533	534	3
505	146	14
535	199	57
536	537	90
538	539	23
540	29	9
157	66	25
541	542	16
543	544	15
505	456	42
545	546	5
547	108	18
548	52	22
549	550	91
551	552	38
553	554	32
555	274	23
556	29	9
557	558	3
559	285	24
560	561	42
562	2	14
515	46	20
563	564	23
565	311	70
566	567	92
568	391	47
393	254	21
569	570	93
571	132	52
572	460	21
573	574	21
575	76	27
576	10	0
577	578	25
202	203	94
579	146	14
580	581	7
101	34	7
582	29	9
583	29	9
584	585	23
273	586	7
587	493	15
588	4	47
589	21	9
590	2	24
591	592	95
593	2	14
594	595	96
314	153	44
596	597	8
145	144	23
598	599	5
72	404	8
600	601	97
140	108	65
602	200	55
228	22	54
603	604	55
605	46	20
606	607	84
277	411	34
608	46	20
557	427	3
609	610	12
611	234	2
612	343	1
599	613	5
614	615	21
330	616	10
249	617	21
618	619	3
620	621	15
622	349	18
623	71	12
603	76	27
624	157	14
93	625	23
626	627	98
628	629	99
630	25	11
631	348	78
632	633	22
634	382	24
455	635	3
636	29	9
637	638	100
639	640	65
389	37	8
22	641	10
642	510	60
446	643	14
644	220	53
645	646	101
347	60	13
647	648	42
649	650	30
651	280	2
652	653	35
654	21	9
655	146	14
656	657	24
153	299	43
658	659	12
660	331	54
184	46	20
37	661	1
662	291	102
562	378	14
663	34	7
664	21	9
665	666	103
149	230	55
667	668	12
669	437	5
670	671	15
119	114	18
672	673	24
674	170	24
675	676	21
677	220	53
678	513	13
679	377	91
680	681	23
682	182	36
683	557	84
44	174	12
684	685	65
686	1	81
442	687	23
688	146	14
689	690	92
691	692	21
693	694	12
9	695	4
447	696	25
16	593	7
586	697	104
698	699	76
153	700	43
701	214	70
702	48	9
323	377	14
405	703	0
704	144	103
192	171	12
369	302	105
705	212	96
100	706	42
53	707	21
708	76	27
500	709	21
125	710	5
711	25	11
712	713	3
35	714	106
570	378	14
369	10	5
142	715	15
716	2	14
717	616	107
569	718	93
719	29	9
720	721	63
722	723	80
724	725	24
726	515	23
727	21	9
728	729	8
730	731	13
732	733	6
273	734	7
162	735	5
736	737	35
543	514	21
14	738	3
739	360	73
740	76	27
397	396	65
401	706	42
3	2	71
741	132	24
411	742	7
743	744	108
745	746	21
22	23	54
476	747	76
573	126	60
748	29	9
749	266	3
557	750	3
336	146	14
252	484	49
516	656	18
636	363	15
297	122	43
751	131	57
752	753	5
754	37	8
755	756	23
757	758	53
759	29	9
760	78	109
492	761	110
762	763	60
764	157	13
765	766	12
533	765	3
767	768	24
769	78	109
506	29	9
704	251	5
770	567	14
771	772	34
773	774	11
775	528	12
776	777	3
593	528	34
778	779	13
780	29	9
781	601	97
536	782	90
593	2	83
783	61	34
784	785	15
786	787	23
788	48	9
789	790	21
791	792	111
793	794	95
795	796	18
797	587	5
798	29	9
233	234	55
799	629	112
800	103	23
412	404	8
801	802	62
543	803	23
804	61	34
328	327	5
99	46	20
805	491	12
411	806	7
704	807	103
808	101	12
809	636	65
810	811	51
469	468	21
812	2	14
813	814	65
128	414	5
815	816	12
527	170	60
41	817	18
818	7	113
819	70	35
802	801	62
820	25	11
307	821	7
707	468	21
822	21	9
265	156	43
424	823	26
824	2	105
684	404	8
634	825	62
826	48	9
827	828	0
829	830	0
704	831	103
415	696	25
832	48	9
833	834	53
139	835	70
174	836	47
613	255	5
837	838	84
267	161	21
466	46	20
149	20	49
182	204	20
839	840	97
841	95	32
842	151	8
741	132	60
727	843	114
844	845	5
846	847	0
848	46	20
849	29	9
331	660	54
631	29	9
327	850	115
119	851	7
627	82	8
663	277	7
656	101	12
852	76	27
452	853	0
228	471	54
854	378	14
855	856	76
455	206	3
857	858	43
605	78	109
859	170	83
686	860	21
651	95	2
802	242	49
710	125	5
861	170	24
862	863	3
864	865	57
600	170	83
866	170	24
297	867	43
16	868	7
109	869	83
870	421	116
871	872	98
805	873	110
557	874	3
397	875	104
876	877	72
878	25	11
879	880	12
557	881	3
75	48	9
381	382	60
807	882	65
883	360	73
884	29	9
668	885	18
886	21	9
838	557	84
887	265	44
561	129	12
648	170	24
888	815	44
889	890	80
205	891	3
16	515	7
892	616	107
893	894	117
712	895	3
68	67	63
896	170	83
897	183	34
205	863	3
752	898	118
899	623	21
594	549	96
268	98	114
528	900	7
901	902	60
826	20	55
616	903	54
904	905	5
469	29	9
884	881	38
906	304	68
907	377	14
908	909	29
910	911	119
11	76	27
109	174	34
912	21	9
913	119	12
383	914	10
613	598	5
915	29	9
916	21	9
917	918	23
268	170	60
32	378	14
813	919	29
920	222	15
921	922	120
188	29	9
923	924	21
781	925	34
514	53	21
926	273	34
277	927	34
69	643	14
683	928	3
557	929	3
242	29	9
378	930	79
931	932	42
639	663	34
933	136	40
677	25	11
225	934	23
469	935	49
540	236	9
936	88	25
378	13	79
937	326	23
460	938	21
275	542	16
557	939	3
940	941	20
117	118	49
930	567	13
942	29	9
588	192	18
718	424	63
279	411	34
712	943	3
572	938	21
114	119	12
557	944	3
945	46	20
769	146	14
946	947	15
948	949	21
616	818	10
320	311	70
11	10	21
115	777	0
441	950	53
124	19	8
951	29	9
952	459	74
402	38	15
357	953	21
609	165	23
455	954	3
955	29	9
956	490	8
957	350	112
958	959	24
452	960	0
961	962	78
458	391	47
963	21	9
265	433	12
964	2	14
965	966	7
460	393	5
967	409	98
920	240	21
863	63	12
905	76	27
749	369	3
320	968	41
925	969	7
970	971	18
316	972	21
973	170	30
179	71	12
974	29	9
671	248	65
207	975	60
608	976	109
977	183	34
738	616	107
978	29	9
979	587	5
980	981	61
982	46	20
35	983	16
316	972	5
984	146	14
985	391	47
925	329	7
986	987	21
6	988	3
232	231	23
989	2	14
990	29	9
142	991	15
683	118	3
989	146	14
221	178	7
992	21	9
899	459	49
933	921	53
113	146	14
303	304	99
922	993	4
994	995	57
996	29	9
228	793	54
997	678	35
119	661	7
998	168	45
999	29	9
121	1000	7
291	222	15
793	1001	113
795	493	7
841	82	8
388	1002	43
1003	1004	61
1005	1006	21
305	899	21
757	834	53
1007	840	97
1008	1009	23
1010	447	91
171	560	7
495	76	27
900	46	20
595	378	91
570	13	14
594	212	96
849	1011	23
978	335	5
1012	1013	23
998	1014	45
1015	46	20
876	1016	72
1017	1018	34
1019	649	121
1020	1021	4
1022	1023	23
214	747	35
1024	1025	5
528	1026	18
1027	1028	122
317	378	14
754	82	8
95	277	15
1029	459	21
214	348	72
746	1030	15
1031	1032	15
1033	76	27
1034	1035	59
1036	1037	3
1038	29	9
793	1039	10
735	572	21
1040	1041	78
829	1025	0
813	408	34
499	170	30
307	81	7
616	750	113
1042	29	9
968	106	70
500	858	23
1043	633	22
1044	1045	32
726	1046	5
221	120	7
669	1047	15
1048	318	29
151	1049	1
1050	29	9
35	1051	16
35	1052	16
1053	46	20
456	21	9
1054	1055	44
1056	310	25
1057	1058	123
712	942	3
672	383	107
1059	601	97
1060	1061	23
1062	792	111
153	897	43
1063	1064	0
815	888	43
532	206	21
338	1065	23
1066	1067	21
843	727	114
146	566	79
636	170	24
253	393	21
1022	1023	15
1068	29	9
1069	525	5
299	78	109
1070	1071	52
1072	29	9
819	1073	6
1074	1075	0
1076	78	109
1077	1078	34
1079	387	122
516	1080	18
410	21	9
769	517	83
533	954	3
448	76	27
482	226	0
1081	316	21
516	727	18
500	505	23
1082	950	53
924	29	9
652	1083	122
820	220	53
455	1084	3
916	29	9
1085	1086	23
592	616	107
432	1087	72
142	1088	43
910	1089	119
1048	342	58
95	803	15
1090	490	8
557	1050	3
1091	170	60
1092	29	9
1093	1094	80
1095	1096	61
167	1097	45
1098	21	9
1099	986	55
1100	170	83
1101	1102	17
1103	282	88
1104	47	5
16	67	7
1105	1106	60
789	485	12
1107	76	27
1108	304	112
1109	935	55
1110	947	124
532	939	21
837	427	3
1029	76	27
1111	360	73
507	1112	38
753	1030	118
1113	148	23
238	60	13
1114	932	19
723	282	88
1115	82	8
1116	76	27
192	898	124
1117	249	5
945	171	34
225	1118	21
1119	9	4
1120	381	21
1121	170	24
262	76	27
1122	174	12
153	1059	43
514	1022	5
710	1123	12
338	1124	23
266	29	9
452	1125	0
266	1126	125
705	549	51
925	639	7
303	629	68
1127	1128	126
1129	157	14
1130	1131	3
1132	1133	15
656	588	12
718	823	26
1134	102	21
603	884	49
1135	170	83
1136	902	60
1054	941	20
1137	880	12
1138	170	83
486	1139	93
1140	48	9
789	1084	21
108	61	12
616	1039	54
636	809	15
1141	265	44
616	22	10
81	941	20
119	586	7
749	226	3
1142	1143	0
349	1144	12
640	21	9
789	29	9
1145	1146	127
788	171	12
1131	903	107
725	170	13
271	270	63
247	1147	59
1148	792	111
1149	1150	49
350	1151	66
535	1152	57
1153	146	91
845	1154	103
1155	1156	13
1157	1158	53
1159	203	128
178	1160	14
549	1161	91
546	29	9
357	76	27
556	49	55
354	48	9
1162	876	24
161	267	5
1163	1164	65
924	923	5
620	460	5
1165	1166	81
1167	1168	129
284	192	65
352	1169	23
1170	859	43
251	1171	103
552	1172	15
455	789	3
955	1173	24
101	1174	7
303	350	68
1022	145	21
1175	21	9
727	29	9
1176	695	4
1053	151	8
331	591	130
580	249	18
1177	363	63
717	63	12
589	1178	21
1179	491	12
1126	266	21
1180	46	20
760	490	8
1181	46	20
710	125	21
36	540	57
586	273	34
23	830	95
1008	29	9
646	21	9
832	491	12
593	377	14
6	1182	3
1183	304	99
957	629	112
192	420	55
1184	76	27
1185	578	25
1107	29	9
1186	449	60
1052	26	57
104	948	21
35	237	16
1187	984	23
901	29	9
1188	126	60
1189	1190	127
43	146	14
337	1133	98
1191	1192	7
1193	1194	4
1039	1001	113
576	112	0
23	22	10
153	1195	43
104	1196	5
1197	561	42
1198	29	9
1199	170	83
139	138	41
1200	759	21
1201	597	8
1135	82	8
234	852	5
1077	19	8
104	1202	21
1203	1204	11
777	1205	12
1206	149	74
473	1206	83
279	404	8
93	16	12
1207	46	20
80	29	9
471	1208	95
752	746	21
66	976	131
256	795	12
1209	29	9
726	127	21
1210	409	7
452	1211	0
367	251	15
1212	343	23
1201	221	34
1213	170	60
221	274	7
470	78	109
1214	1215	103
252	752	21
607	1216	3
200	581	15
49	663	12
72	399	65
1217	872	15
366	97	21
1218	447	14
482	209	0
1219	29	9
1220	648	2
1221	856	132
325	23	10
94	13	14
529	377	14
491	50	18
337	442	2
923	29	9
1222	21	9
1061	46	20
151	154	1
267	735	5
582	170	24
1223	29	9
70	88	25
1224	1225	21
1226	1227	23
323	13	14
1228	914	130
663	1229	7
1230	469	21
1231	1010	96
11	622	12
1232	665	2
1233	2	14
1234	1029	21
1235	1236	21
1237	1238	55
1026	16	12
808	1174	15
657	1239	117
900	19	8
1240	1241	76
1240	36	76
1242	529	23
1009	204	20
286	1243	24
330	325	54
1226	245	115
481	265	44
8	1244	133
1245	350	99
1246	76	27
1247	491	12
445	444	4
1248	21	9
153	1249	43
1250	616	107
156	146	14
1251	1252	122
111	381	2
1253	809	23
591	641	54
270	146	14
93	62	15
1018	991	7
1189	1254	127
533	1255	3
1226	29	9
702	58	5
718	82	8
221	1256	7
1257	29	9
86	177	122
291	48	9
1234	459	38
65	310	25
444	88	134
1258	1259	47
471	116	95
1260	1261	13
192	898	15
396	21	9
1159	203	135
780	110	23
1067	1262	5
69	87	71
266	117	49
984	2	14
1263	46	20
1007	25	11
624	146	14
588	280	18
1259	1006	2
1264	921	53
1265	214	70
1199	601	97
139	1266	41
331	23	54
1076	82	8
167	1267	45
1268	192	18
1269	659	12
1127	1270	136
1210	1259	47
108	109	15
552	1271	23
953	1272	23
542	648	57
64	63	12
1273	683	84
16	842	7
770	2	14
1274	76	27
190	1275	45
316	1276	5
5	1277	60
952	348	72
254	398	21
1278	307	12
378	1279	79
1280	264	3
1281	650	30
23	228	54
1282	620	29
460	398	5
282	723	66
756	1283	32
1209	1018	12
567	88	25
1284	411	34
1285	498	25
1286	1287	32
251	704	5
706	170	24
119	109	7
481	146	14
588	222	7
1288	1289	3
816	1290	18
1291	1254	127
229	792	11
1292	1293	21
636	363	23
1294	251	132
1295	840	97
273	148	7
651	53	2
1296	29	9
1297	582	21
906	304	112
1298	378	14
793	1299	95
167	1275	45
1235	68	23
1300	1301	23
170	682	74
727	255	55
675	170	60
1302	1247	5
1138	1303	83
153	1304	43
595	377	91
280	398	21
1305	1072	29
1306	1307	23
1008	76	27
469	71	12
834	78	137
425	823	26
944	491	12
152	925	34
478	1255	29
243	659	12
892	673	110
875	21	9
58	29	9
1308	1309	23
772	1032	7
660	641	54
194	221	34
307	871	47
1189	792	111
742	307	34
706	401	23
559	21	9
727	413	49
295	757	90
1310	1311	66
41	357	18
409	255	65
1312	1313	21
1314	456	57
1315	1316	23
1317	1318	57
1319	1320	85
1321	1322	75
1323	246	58
334	818	54
1324	1325	83
229	1326	57
557	1327	3
596	19	8
1328	585	1
398	460	5
1329	1330	35
836	194	98
497	1331	57
526	880	12
38	377	14
1332	1333	13
995	170	24
897	119	34
190	1334	45
1029	1234	21
1335	13	14
913	1336	21
1337	170	46
544	588	34
151	1338	1
573	1339	15
1340	1158	138
455	1341	3
1068	568	12
931	95	32
1025	105	5
171	1342	7
1343	214	70
335	1316	23
54	46	20
1344	1345	13
1346	20	74
557	1347	3
1348	1349	21
557	1219	3
1023	1350	42
221	67	7
418	519	61
1123	292	7
1351	1119	75
1352	1353	16
1173	1354	86
1355	2	139
528	124	7
1356	1357	66
1358	11	21
1359	21	9
127	71	12
1009	46	20
684	46	20
679	378	91
221	505	7
1360	1361	41
405	631	0
307	1076	7
625	46	20
1362	1363	13
1306	854	15
1364	404	8
1365	1366	93
1367	29	9
1109	1368	56
436	1060	21
1369	1355	109
55	602	21
1370	388	44
1235	29	9
226	29	9
1035	348	78
220	825	120
104	759	21
1371	1372	24
607	1373	84
783	78	109
1374	372	9
1375	170	24
1376	1377	13
1378	1206	105
1379	1380	57
53	79	21
109	2	71
161	938	5
106	1381	35
252	898	15
1382	430	61
302	1383	140
1044	151	8
543	528	12
1266	238	70
248	1384	49
1385	1386	57
562	46	20
1315	29	9
757	695	57
1144	534	18
109	108	65
1387	170	24
1388	366	5
455	369	3
420	29	9
1389	1390	60
496	927	12
1391	1288	84
350	906	66
1392	46	20
1393	1394	19
460	267	21
139	238	70
1280	891	3
830	1205	12
598	599	21
712	658	3
1109	29	9
879	525	5
1151	629	99
1395	46	20
1396	876	122
400	1163	7
1397	766	12
925	505	7
1335	917	32
1398	238	52
332	29	9
1399	1400	2
753	1133	15
1073	952	35
1031	865	21
1299	214	24
541	1401	16
616	1211	113
416	415	79
1269	1206	24
465	1402	63
1201	119	34
161	316	21
411	593	7
662	496	102
712	1403	3
149	192	21
1284	300	63
712	369	3
452	1341	0
1404	774	111
1405	1406	23
1407	876	122
232	71	12
451	46	20
1408	1409	21
1410	1301	1
1411	146	14
838	1412	3
825	634	62
1191	931	7
254	253	21
1112	1413	30
1414	76	27
1202	214	24
1317	136	40
105	1200	21
1210	1282	7
749	105	3
1415	1388	21
320	1416	41
780	588	12
79	802	21
1417	610	12
1418	948	18
938	161	5
1419	132	24
854	1306	65
1420	1421	3
1422	1423	106
1222	488	28
1406	378	14
1424	1425	9
128	79	21
144	1303	83
1426	377	14
656	16	12
969	378	14
316	460	5
501	1427	20
1428	1350	42
955	48	9
956	46	20
811	1429	91
1430	82	8
1431	1432	133
1433	29	9
1434	764	13
1435	1364	23
1436	1437	119
477	476	66
1438	1439	57
697	274	15
1075	659	12
805	900	15
1440	981	61
158	188	21
808	1441	15
332	1341	55
1026	1442	30
97	1415	5
813	814	29
1443	673	13
935	1444	49
1445	172	23
408	953	18
277	1446	121
1447	1448	42
1039	23	10
565	285	70
989	377	14
346	815	21
1449	383	107
275	1450	16
1199	729	8
248	671	23
265	269	15
557	1451	3
613	795	12
363	82	8
316	1452	60
536	1453	90
1454	1455	35
233	126	24
91	1456	58
1360	311	70
586	1457	42
732	88	25
1060	1458	21
316	1452	24
515	101	34
829	558	0
1145	1459	127
1370	2	14
59	170	30
190	1014	45
953	408	12
111	794	2
590	21	9
379	166	8
1460	82	8
965	388	18
1461	750	0
1462	632	141
1463	290	0
1272	1464	142
221	1129	7
101	93	18
1465	52	22
194	46	20
234	1466	23
1467	1468	21
1210	831	7
460	316	5
665	1469	103
233	29	9
712	1470	3
32	377	14
524	66	25
170	1325	35
455	349	3
152	524	14
1084	790	21
965	1447	7
92	29	9
1065	1471	8
131	76	27
735	938	5
1426	1128	126
1472	76	27
303	629	99
572	162	21
180	179	18
1056	578	25
1473	694	12
1474	378	14
312	1475	53
433	175	47
439	1237	29
897	1336	37
145	514	21
1476	1477	18
776	1478	3
1378	451	23
1479	615	5
965	501	7
726	515	15
307	734	7
6	1001	3
801	1109	62
1458	851	15
199	61	12
659	49	18
1480	1481	8
566	930	79
152	663	34
1482	1483	5
1484	799	66
253	254	5
254	398	5
705	679	51
1485	1486	80
851	146	14
704	91	103
456	682	49
1487	46	20
171	1219	18
1435	584	56
583	812	15
325	616	54
1074	197	0
629	957	66
311	1087	72
1109	801	143
978	1488	78
946	1110	5
387	1489	35
5	258	49
1245	350	68
757	921	53
599	613	21
211	549	51
991	1018	34
109	87	14
977	46	20
562	57	65
776	7	3
1490	1491	9
1492	142	44
766	860	18
935	469	49
1493	1018	12
411	821	7
603	1084	143
726	1324	23
628	350	99
898	251	65
1473	2	144
439	1471	58
1494	126	60
1104	29	9
1495	1496	61
1497	927	12
1498	876	35
1408	789	21
384	350	112
129	1499	7
521	1500	41
1339	649	65
1501	1360	145
97	251	15
1124	46	20
1502	151	8
1349	1224	5
683	1050	3
428	1427	20
1503	695	4
1504	657	13
199	29	9
536	1505	90
502	88	25
1506	1243	24
211	679	51
977	925	34
1051	25	11
1150	29	9
1507	78	109
317	157	14
255	598	5
137	2	14
1426	146	14
22	228	54
1508	146	144
526	525	5
393	460	21
1509	21	9
1009	1008	65
536	1510	90
13	310	25
875	29	9
459	170	24
1511	493	98
882	21	9
106	1512	35
1513	126	60
53	1181	15
106	1303	35
1320	106	64
1514	830	18
1515	1076	23
313	1516	21
563	1141	23
708	449	24
738	1517	9
0	1518	0
345	1290	19
1519	787	23
1052	713	57
221	1520	7
1283	372	9
830	1514	12
738	76	27
1192	46	20
552	1172	23
2	1015	1
723	1521	76
1388	366	21
947	1522	29
297	298	43
1523	157	139
1524	1525	66
331	818	54
293	456	21
705	502	146
795	409	7
1526	170	24
307	1000	7
749	1527	3
43	82	8
251	1030	15
399	1528	24
964	146	14
532	29	9
0	942	0
1529	395	21
1447	181	8
125	423	5
905	616	107
1228	227	10
1236	514	21
254	1530	23
220	1531	120
703	1532	12
670	1351	36
1533	170	46
475	111	47
1534	136	40
1535	398	21
1085	1123	12
232	553	23
357	18	23
1536	704	5
825	1272	23
53	101	12
101	279	7
434	702	2
1537	63	12
1519	1538	60
389	46	20
291	222	23
1539	168	45
746	752	21
1540	1541	4
201	151	8
1542	48	9
41	55	18
1388	382	60
1543	82	8
268	76	27
1544	29	9
1450	1545	57
1546	29	9
557	1547	3
1511	1022	2
411	1548	7
1528	285	86
1002	1278	104
790	1390	24
151	1549	1
604	414	49
1550	557	84
1551	1427	20
892	592	21
105	104	5
446	522	14
459	552	38
140	2	71
1552	814	2
1420	455	84
1553	1554	102
1555	1556	90
1348	172	23
612	1309	1
555	100	23
528	343	7
68	146	71
939	532	21
455	951	3
1436	1557	119
1269	1558	21
680	1559	23
592	10	21
900	1191	34
184	1560	77
1561	61	12
146	1562	35
1563	663	12
1564	792	111
1303	1145	140
1458	1143	5
162	401	23
1565	2	14
249	1117	5
1278	897	15
1018	103	7
1566	360	73
1567	1491	9
1188	803	23
1143	1458	5
1568	1569	20
1411	378	14
215	370	35
1570	1571	47
192	284	15
1572	385	35
1573	1098	18
1065	151	8
316	267	21
1574	1312	21
793	228	54
422	600	15
1575	1576	2
172	1002	63
1348	1466	23
735	460	21
1385	136	40
681	377	14
884	1413	24
1395	170	83
423	408	12
766	64	18
1577	1578	147
286	76	27
1227	1579	8
192	588	12
1167	1429	148
1580	417	35
352	797	5
301	1581	39
1582	360	73
400	1583	18
1205	391	47
37	435	1
452	206	0
405	7	0
1584	921	53
835	1585	72
1586	524	14
1255	76	27
1497	29	9
1291	1146	127
361	1587	59
282	1588	66
624	567	14
397	46	20
318	795	12
101	1589	7
255	76	27
953	29	9
1406	87	14
153	806	43
1576	1127	23
1025	466	15
388	1139	43
1590	1591	59
1592	1593	57
744	1594	60
221	466	7
898	801	29
412	729	8
1586	1434	14
1193	85	4
1595	170	60
1596	41	34
137	378	14
1597	348	78
543	1022	21
1598	78	109
192	955	4
196	1065	15
1314	792	11
421	170	83
1500	835	70
363	78	109
1219	1532	12
69	378	14
1232	815	2
1511	179	2
649	1599	21
557	1037	3
1600	1147	29
1601	407	78
1602	1603	140
913	803	15
138	311	70
493	587	65
1209	21	9
1473	21	9
1104	47	21
405	1604	0
405	948	0
1605	1606	35
130	913	65
72	932	42
255	256	5
1607	378	14
539	509	32
14	765	3
796	728	23
1318	565	145
1297	582	5
1268	193	18
630	40	53
104	1608	12
413	727	49
71	783	7
1381	106	52
275	1609	16
194	1325	83
1610	1611	89
141	157	14
1612	29	9
666	1410	8
865	170	110
1284	729	8
173	126	83
1613	1614	60
524	88	25
1615	514	5
1143	1458	21
22	1616	54
411	1598	7
1330	1329	89
1129	46	20
111	592	2
238	126	35
497	840	97
1304	153	44
1288	1617	3
1209	1618	30
1436	1486	119
35	1438	16
222	597	8
1619	29	9
747	792	11
1620	729	8
1049	151	8
1621	100	15
162	267	21
1622	29	9
1067	29	9
334	471	10
97	1415	21
897	1336	65
1623	1624	118
109	2	14
1023	1022	77
61	1426	7
297	1342	43
56	815	44
212	157	91
169	1533	31
937	1426	23
1209	1390	60
336	567	71
1625	76	27
92	110	23
752	745	5
1626	534	21
1401	1627	57
1060	669	21
1122	825	55
198	1219	65
1218	170	14
1445	171	12
803	151	8
338	298	23
86	1239	117
830	228	107
1628	29	9
599	256	21
465	1284	63
1153	447	91
1082	921	53
1629	323	23
615	614	21
1630	663	12
43	378	14
942	766	12
202	736	52
542	1631	57
1632	173	93
1633	171	12
957	856	76
212	146	91
805	873	60
1002	82	8
1022	129	12
1279	550	13
1634	1603	141
662	1635	102
1636	1637	23
875	397	15
172	941	20
1638	1639	4
459	528	12
143	142	44
94	378	14
1234	126	24
902	1640	86
1123	1154	7
1145	385	76
706	1641	36
616	1642	54
205	717	3
1225	1643	21
32	1434	14
525	879	5
1152	170	24
193	801	49
105	501	15
1644	48	9
986	1623	21
903	22	54
574	573	21
256	598	21
263	1327	3
1645	1646	24
851	404	8
1522	1000	23
629	384	66
653	652	86
111	104	2
802	79	21
1647	29	9
953	357	21
1648	1649	98
1650	1576	65
1651	601	97
420	76	27
400	1187	18
1652	46	20
1653	659	12
892	349	21
38	932	19
151	1654	1
615	1479	21
422	150	43
1602	1655	86
474	1018	12
532	829	132
1656	1657	3
193	955	4
662	1658	102
1659	360	73
1244	1660	90
1084	622	12
1661	76	27
455	1409	3
926	857	44
1474	82	8
814	813	15
252	251	5
366	367	21
282	1662	66
747	834	53
497	1067	57
192	1663	4
1126	1664	24
1665	1666	148
205	453	3
1667	1668	104
461	29	9
937	564	23
1669	657	148
1622	1624	15
1048	1331	29
1670	1291	119
93	29	9
322	578	25
452	1518	0
214	1585	72
1671	1118	21
411	1220	47
1081	29	9
749	1604	3
292	1672	65
1673	157	129
214	877	72
199	1197	23
437	669	5
802	76	27
795	158	18
133	142	44
119	977	7
383	1674	113
506	48	9
1589	46	20
208	214	24
1150	1675	49
1195	82	8
144	514	29
1240	792	111
1628	21	9
940	2	14
556	1418	12
1145	1052	76
906	629	68
1676	1677	7
1552	908	98
1154	1410	8
1308	29	9
1678	690	149
557	1679	3
1680	372	9
266	1681	49
327	328	5
190	1682	45
514	145	21
938	735	21
1601	76	27
1683	578	25
686	29	9
114	1684	21
854	87	14
171	424	7
71	469	18
937	1685	23
388	472	15
749	1686	3
316	735	5
663	1549	7
1352	699	16
602	408	12
1142	1403	0
22	759	95
1164	1163	118
106	1320	35
54	82	8
587	352	5
1687	329	93
721	155	44
1688	111	47
1689	1690	61
701	106	70
1691	1692	141
1307	378	14
1693	1271	23
228	616	54
1159	203	50
423	125	21
1450	1694	53
1256	46	20
907	378	14
1361	285	70
304	628	66
1450	1204	11
593	13	14
275	1695	16
1696	1697	83
60	1016	72
62	1698	20
749	1408	3
926	19	8
1699	82	8
1020	1591	4
1232	913	2
16	110	7
460	735	21
1675	1150	49
1626	1144	12
221	34	7
1608	104	18
1157	1700	57
762	1129	15
350	1245	66
492	491	12
1229	151	8
32	195	8
307	1321	7
336	46	20
16	1308	18
1589	19	8
2	1239	117
1080	403	23
1090	1701	8
1675	1702	80
1703	377	144
495	29	9
1060	29	9
1584	834	53
50	1620	15
1236	1235	21
456	293	21
1327	23	107
858	46	20
909	908	15
1704	891	3
398	254	5
111	805	2
1271	1191	34
377	1705	35
227	794	95
1706	246	58
842	1707	142
630	792	11
710	29	9
1191	1232	47
1708	29	9
1318	1709	24
151	1044	1
967	62	98
26	29	9
1710	136	40
1648	1711	2
1018	474	18
1099	29	9
1212	76	27
350	1108	66
414	128	21
183	608	7
161	267	21
1712	378	91
1353	1713	57
521	1416	41
1230	71	12
1714	49	18
1715	1716	35
1380	21	9
646	1717	15
1718	1719	129
1191	867	7
1720	214	70
146	705	150
712	1451	3
591	227	54
682	1721	23
137	986	65
899	715	15
1722	48	9
1723	171	12
876	1353	35
431	157	82
920	596	23
1449	616	107
1247	1302	21
1399	656	2
1398	834	53
484	825	21
267	735	21
55	461	21
153	314	43
854	146	14
190	1097	45
1440	519	80
497	986	57
1444	1243	24
550	65	13
1724	1725	2
0	1289	0
391	427	2
1726	1491	9
913	1336	5
1727	1728	151
477	1588	66
1307	1306	65
1551	46	20
669	1047	23
1238	29	9
431	416	82
374	1707	142
1729	532	101
1130	1730	3
1474	1350	42
713	659	12
1272	78	109
751	305	57
151	1138	1
1731	1732	152
364	1395	23
1531	29	9
1418	391	47
1229	170	83
1609	1733	153
1734	126	60
83	1735	29
200	602	55
734	82	8
158	795	12
75	29	9
500	1685	23
1736	740	0
442	1737	15
49	556	55
749	192	3
1738	641	54
443	1739	83
1740	557	84
1398	1741	57
1637	265	44
1742	1494	5
623	436	21
1743	444	102
482	1451	0
1024	95	5
1744	1661	57
712	117	3
385	1204	11
151	842	1
663	69	7
1745	1294	33
1201	663	34
793	227	54
1746	520	56
688	46	20
568	1068	18
35	1747	16
1748	29	9
1749	1750	44
403	46	20
1751	1752	35
499	29	9
1463	802	0
1139	78	109
1033	170	24
1721	682	77
1753	601	97
86	894	117
277	1446	65
267	938	5
796	29	9
1500	106	70
1108	350	99
1483	244	12
595	13	91
225	243	4
862	1754	3
1377	1239	117
756	46	20
776	1755	3
1300	29	9
845	666	103
282	1043	66
444	445	4
465	299	63
1526	48	9
1756	87	14
1172	46	20
392	1030	7
1451	63	12
1757	1421	0
1183	36	76
285	962	72
826	29	9
81	1643	65
1758	1759	13
1760	60	64
1312	365	5
291	1761	21
1643	1225	21
1342	1290	19
1126	1664	60
128	726	5
481	377	14
447	88	25
1542	29	9
454	1328	8
704	1762	15
898	1526	65
631	170	24
555	684	23
362	29	9
598	255	5
437	669	21
1763	1158	53
140	729	8
253	171	12
332	1341	125
1139	46	20
1764	236	9
1194	695	4
198	2	14
706	721	36
1399	182	98
1126	964	23
1318	1266	145
1460	1765	34
300	82	8
528	1629	18
810	811	96
55	408	12
1766	1767	0
497	25	11
1407	1396	13
1187	400	12
780	1123	12
1768	1769	35
1608	391	47
857	868	43
459	230	62
17	1464	142
1029	1234	5
1234	1029	5
1435	16	12
1770	146	144
350	1771	66
1583	1772	23
381	1472	21
1773	1269	3
1639	48	9
101	99	7
1643	81	15
616	1738	54
325	228	54
1230	1774	23
1436	1775	119
16	514	18
1307	377	14
640	639	23
253	460	21
1353	498	25
459	29	9
1256	346	19
937	48	9
1776	87	14
567	566	35
205	1280	84
693	21	9
1777	21	9
935	1425	9
602	1081	21
1734	896	23
749	15	3
1778	1779	24
1780	792	111
706	1618	30
804	456	19
1230	528	12
336	1336	37
1781	240	65
432	348	72
663	1650	7
699	127	57
790	1390	60
947	1110	65
130	1022	65
1188	898	124
1782	29	9
459	552	49
192	506	4
14	1412	3
1608	948	18
493	979	29
421	601	97
393	21	9
580	813	7
1783	166	8
1577	82	8
1432	835	154
1237	29	9
367	366	5
479	851	15
641	660	54
593	567	14
1290	297	132
93	1123	12
736	1401	35
1784	126	60
1785	262	49
289	1451	3
1034	1786	59
985	225	18
1662	497	76
1307	547	34
1113	29	9
434	734	98
509	1425	9
94	502	14
1787	170	46
1743	262	102
1539	1788	45
305	29	9
80	1789	23
1790	276	155
126	1791	89
542	707	57
1792	1713	59
335	29	9
459	230	143
1026	232	21
930	13	48
146	1793	35
452	1299	0
464	76	27
549	447	91
952	1016	72
1794	806	15
1574	364	21
167	1682	45
1389	29	9
1022	543	21
265	639	43
1030	746	65
193	506	4
1795	601	97
1276	899	125
17	16	34
338	126	60
770	157	14
685	684	23
1386	1338	23
298	1796	42
23	616	54
810	549	96
1498	311	35
542	1509	57
238	1797	35
1044	46	20
499	21	9
570	46	20
68	1242	136
991	1427	20
514	21	9
240	222	23
71	1798	7
1174	82	8
1609	921	53
949	1250	21
142	336	15
775	29	9
1085	145	21
692	691	21
1648	780	2
690	689	156
1742	879	21
38	402	77
1384	29	9
1796	298	15
1799	1236	21
616	23	54
1800	772	34
11	369	5
238	237	35
1711	1413	60
285	1733	35
1520	857	44
1524	1801	66
973	29	9
1802	29	9
1468	1467	21
49	50	21
1803	2	139
588	1129	7
152	577	14
455	333	3
1	491	12
865	1031	21
251	1677	103
1804	60	24
161	162	5
1360	285	70
233	1230	21
1212	443	15
823	718	26
95	372	9
1234	1805	9
1218	46	20
222	41	34
997	513	35
1028	1027	35
151	72	1
188	1717	23
414	170	24
331	641	54
491	111	47
1713	833	132
905	170	60
1806	1807	157
680	681	15
642	21	9
858	344	158
1799	514	21
184	82	8
1808	204	20
151	34	1
721	170	83
634	170	24
918	82	8
128	53	21
1329	1106	35
588	68	7
1350	130	15
681	1581	39
1809	181	8
1184	29	9
624	378	14
1366	404	8
1516	274	23
1270	854	23
153	1810	21
1811	21	9
1812	1431	159
1299	725	30
1650	78	109
365	1813	21
1717	646	65
456	588	12
967	336	98
350	628	66
526	879	5
1814	1149	2
1815	471	107
612	301	93
1783	46	20
1816	1817	89
460	398	21
1784	372	9
171	1026	18
1279	88	25
1106	1330	13
20	1445	62
534	1626	5
221	1589	7
1063	1255	0
394	46	20
1818	21	9
914	616	10
1400	29	9
1095	1096	80
749	290	3
1819	1820	89
595	522	91
1801	774	111
127	414	21
239	1821	57
1224	1822	23
400	1823	7
639	265	44
712	1257	3
602	1270	21
1824	106	24
1119	1825	4
497	834	53
1826	76	27
1827	29	9
1551	204	20
443	726	42
1122	210	55
277	78	109
1369	1828	75
623	669	21
1829	76	27
803	648	65
1830	29	9
628	1484	68
491	832	18
240	29	9
1432	60	154
528	593	7
347	1831	35
955	1300	4
1039	616	54
406	1109	55
1369	119	34
1832	1269	21
1245	304	112
727	544	23
1833	1834	17
60	1585	72
1835	76	27
861	545	5
1225	81	15
1375	1517	9
739	1836	86
1144	1302	18
1086	1837	77
1838	1839	160
173	13	14
193	1268	12
344	154	36
1184	170	60
1840	170	60
1841	238	52
967	456	2
474	170	60
497	318	57
783	180	34
459	389	23
1656	455	84
563	1809	23
663	1842	7
1843	1844	3
1845	1846	152
1151	350	112
258	170	60
167	1334	45
1039	1642	161
1847	76	27
149	1607	23
1462	1377	148
1848	21	9
1059	153	44
105	104	21
333	382	110
693	48	9
1683	88	25
400	1624	7
500	1286	23
456	623	21
1350	1022	21
1849	1701	8
801	898	124
26	76	27
395	1529	21
591	616	10
1019	490	8
1126	29	9
1850	29	9
196	663	12
1851	1852	152
539	170	83
1853	76	27
1410	1154	1
1663	29	9
1854	29	9
162	897	23
806	82	8
752	898	15
661	146	14
1855	29	9
1856	650	60
1707	374	15
1857	1858	57
1686	1688	12
1290	815	21
1236	468	21
2	1008	74
558	29	9
1827	76	27
171	823	7
455	163	3
1237	1238	125
1859	1860	23
408	1762	7
1861	29	9
94	126	83
514	953	21
818	331	54
324	29	9
1862	170	24
627	1784	32
71	1114	7
1130	635	3
104	1196	21
1863	897	93
1863	1076	93
706	21	9
1864	1865	152
1816	1817	86
824	1866	12
1576	1364	15
4	460	2
514	16	12
131	132	60
1829	257	56
128	986	21
446	377	14
1867	588	34
1752	253	57
849	868	23
1837	1086	36
663	100	7
1352	1868	16
493	352	65
1869	362	18
109	13	14
1044	71	34
1870	29	9
1871	29	9
1872	1010	96
1245	25	111
1873	82	8
764	1434	13
1739	360	73
1045	663	12
1391	1373	84
433	626	47
712	777	3
1053	1471	8
182	157	14
1874	170	24
71	727	18
987	986	21
955	1173	60
642	1875	23
285	348	72
848	932	19
1876	798	38
1877	579	23
1878	1483	5
1307	146	14
436	623	21
760	815	44
298	166	8
69	157	14
1595	170	24
63	111	47
192	725	24
1500	876	70
275	1503	162
543	1022	5
718	424	26
659	111	47
804	41	34
1225	1349	21
338	171	12
333	382	24
986	1022	21
1510	1377	46
167	1879	45
1008	666	23
1140	29	9
1075	491	12
815	113	43
1880	1717	23
663	1620	7
1520	1765	34
1881	29	9
1379	1467	57
1720	701	41
293	294	15
1636	1460	23
777	475	12
950	29	163
518	76	27
591	1642	10
705	549	96
1137	526	21
1882	76	27
602	29	9
713	76	27
1326	21	9
705	657	148
1883	78	109
1744	1828	57
561	21	9
662	1829	102
735	460	5
1120	170	30
1317	792	11
238	348	72
895	903	107
919	655	23
459	1030	15
1884	1885	152
1886	585	98
255	579	23
20	76	27
367	87	144
173	46	20
275	1584	16
588	67	7
1887	2	71
172	82	8
1354	1173	85
1888	1118	65
1889	29	9
1120	437	21
429	1890	80
307	593	7
162	316	21
182	1394	19
858	166	8
715	46	20
387	1079	35
1448	1491	9
1891	171	12
1080	29	9
123	29	9
521	968	41
1771	350	112
698	1892	164
299	729	8
528	1054	7
337	602	2
351	350	68
297	100	15
1893	29	9
1378	1894	81
60	1710	35
1402	299	63
144	1895	29
940	378	14
1896	25	11
749	951	3
556	103	15
735	162	5
22	1897	95
688	1581	39
746	29	9
57	562	23
1406	157	14
444	1432	133
1081	1270	21
356	953	18
540	1898	56
161	170	60
599	255	21
898	1187	65
221	888	7
817	241	23
1511	1174	98
1741	491	12
425	1899	42
1436	1900	119
221	544	7
594	679	96
303	350	112
320	106	70
279	82	8
1432	214	154
945	1018	34
1316	46	20
1901	82	58
985	955	18
699	220	53
1172	552	65
1583	1163	15
1552	1348	2
683	457	3
162	161	21
1126	266	62
1238	48	9
802	53	21
760	597	8
1902	1903	148
1863	133	93
1904	1905	97
1906	1100	1
106	1907	35
200	199	5
1908	29	9
903	616	10
462	1156	13
289	1347	3
339	170	60
1220	1661	2
592	29	9
796	1856	21
799	350	68
308	1446	165
256	598	5
231	46	20
49	1269	21
1909	1068	18
759	22	107
1361	106	70
1910	21	9
446	1429	14
929	76	27
551	552	49
141	378	14
1240	1190	127
142	1911	21
1462	1912	148
1648	1086	98
542	498	134
663	279	7
712	1674	3
1541	1913	4
20	149	21
275	1914	16
1915	750	0
748	76	27
707	1799	21
119	871	47
1629	528	12
704	170	46
62	19	8
995	29	9
708	29	9
107	106	52
1539	1916	45
1022	1826	21
1917	1360	145
23	471	10
1148	629	68
49	293	56
1918	766	12
249	250	24
1823	1471	58
145	29	9
726	128	5
1919	347	64
184	941	20
1211	659	12
569	133	93
551	76	27
1597	347	24
1280	205	84
1498	835	35
804	356	34
1608	111	47
265	148	43
205	1894	3
1266	106	70
599	256	5
1920	792	111
436	1047	23
1921	126	60
691	1532	12
1922	29	9
516	199	18
1247	1358	21
1923	76	27
1236	76	27
769	395	77
905	904	21
275	1592	16
23	818	54
1536	1924	118
249	1117	21
469	1011	15
479	1751	60
329	146	14
598	255	21
925	1798	7
1925	46	20
514	194	15
111	1832	2
1277	360	73
1926	170	30
49	659	12
1595	29	9
1272	597	8
712	686	3
95	931	15
1856	796	5
787	82	8
712	802	3
333	29	9
121	1126	18
1084	491	12
1326	29	9
1927	1928	13
753	1133	118
898	73	29
1511	593	98
1704	264	3
494	943	33
994	170	46
1158	834	137
1135	78	109
1076	941	20
1911	142	21
158	71	12
505	500	65
1191	1054	7
616	228	54
514	1236	21
400	1030	7
832	110	23
946	947	124
247	1104	59
1232	1133	98
1929	360	73
72	151	8
1319	1930	13
1821	76	27
1498	214	35
704	1762	103
127	726	5
828	458	12
494	332	33
880	1494	18
433	1648	47
855	36	76
153	152	43
1109	1368	49
1931	170	46
1798	180	34
145	543	21
1029	230	49
142	133	43
1932	959	60
546	1933	23
142	715	43
1934	146	14
1935	818	166
1426	1936	65
897	2	14
1937	173	93
345	2	14
345	377	14
1938	1176	4
468	1138	23
101	1641	7
493	587	29
357	804	15
855	1254	127
127	726	21
542	762	57
1313	1312	5
1668	126	60
173	82	8
1356	1311	66
305	86	24
1358	10	5
1939	214	24
369	10	21
1940	76	27
644	921	53
663	1888	7
409	613	29
1827	369	49
1112	507	38
1724	1120	2
949	948	5
386	1941	13
1942	21	9
1943	1168	129
1944	1303	35
955	506	4
528	173	7
1945	668	12
275	921	106
405	1131	0
862	1375	3
36	498	25
557	1537	3
1152	76	27
938	267	5
1946	1205	12
63	717	18
1116	29	9
808	1441	23
515	1217	19
1429	88	25
1464	1088	15
799	1484	68
1199	153	44
293	49	56
620	460	21
1450	840	97
514	1235	21
1947	1948	90
989	87	14
157	1434	13
1949	1192	15
1950	1951	86
491	391	47
978	899	5
221	1952	7
384	856	76
1222	1953	28
1070	840	97
227	793	54
1095	1954	80
14	592	3
760	166	8
1955	1956	84
1849	1957	32
800	29	9
1772	37	8
167	1788	45
460	161	5
684	82	8
557	118	3
393	253	21
1958	1155	13
712	1378	3
616	227	54
991	170	83
378	88	25
913	114	21
525	1069	5
1149	568	12
749	1449	3
1959	29	9
681	2	14
681	87	14
592	1425	9
1577	146	71
352	979	21
1331	1023	23
1526	898	118
1500	968	41
1279	66	25
1253	29	9
972	379	23
1960	1961	13
1307	1306	77
1416	1361	41
1962	166	8
1963	21	9
389	82	8
381	29	9
1234	29	9
852	1132	21
705	146	146
905	104	21
411	1964	7
398	279	15
263	557	84
286	1965	21
1966	29	9
439	408	34
1583	76	27
1741	1576	21
1139	528	34
285	1528	167
785	151	8
198	13	14
864	1187	57
1437	911	152
459	1234	5
623	1330	24
1967	792	111
1826	29	9
221	977	7
1067	1066	5
1124	265	44
1861	586	23
1968	1969	13
461	400	12
273	785	7
735	316	5
1223	76	27
1684	114	21
1022	501	23
1025	501	15
1970	136	40
142	192	21
1191	900	7
231	1026	65
1971	29	9
709	1972	24
1292	1973	21
442	1850	21
1853	78	28
1472	170	24
1382	1496	61
700	46	20
1233	377	14
1361	1572	70
726	539	23
1974	1975	168
801	1109	55
1500	1361	41
1312	1813	21
145	1123	12
1098	174	12
768	1976	140
999	898	124
1252	1251	35
174	434	47
133	467	42
1444	1977	81
138	565	41
1458	1978	15
423	710	21
542	840	97
805	63	12
1979	146	14
1290	816	12
905	170	24
793	1039	54
249	21	9
1888	1899	19
384	629	99
1518	1977	81
1980	682	77
1795	1701	8
577	66	25
307	279	7
1147	1981	23
1292	76	27
13	1279	13
628	350	112
1609	1528	153
808	1321	23
1339	41	34
621	620	65
749	1982	3
1983	29	9
1652	166	8
685	29	9
149	121	12
1500	347	70
898	251	5
151	803	1
858	78	109
1259	898	98
985	1389	18
1359	29	9
580	1259	47
1370	447	14
998	1275	45
1237	76	27
1626	29	9
101	593	7
899	1984	24
803	119	34
133	78	109
1110	170	24
1352	1438	16
375	1176	4
1431	1985	93
1432	311	154
932	1986	60
489	46	20
393	1822	23
1092	1987	60
1349	29	9
1012	48	9
252	29	9
1988	921	53
331	1738	54
989	378	14
275	630	16
1438	238	52
400	1989	7
1298	959	83
123	1847	55
1767	170	110
1990	404	8
1638	48	9
1249	1991	44
932	402	21
1992	214	64
335	978	5
1993	29	9
322	567	79
223	1427	20
352	587	21
1663	975	110
258	76	27
1994	71	12
101	100	7
1619	124	23
1159	834	53
1995	1996	24
1420	1341	3
543	145	21
266	1126	21
180	1022	18
920	16	12
892	673	60
816	1997	47
1499	19	58
16	656	18
1558	1144	12
588	279	7
156	377	14
304	303	66
500	505	15
1998	76	27
581	602	29
95	94	15
1206	894	117
587	352	21
850	327	65
1999	360	73
1084	603	55
151	194	1
1259	1638	2
1663	975	30
2000	48	9
193	473	15
1065	19	8
2001	605	93
1907	921	53
1734	1127	23
2002	170	60
920	29	9
663	586	7
55	1081	21
297	122	15
308	46	20
455	603	3
2003	46	20
1195	411	34
96	1058	90
887	46	20
299	404	8
1663	975	24
666	46	20
543	623	21
1349	1224	21
150	1726	165
334	1039	54
256	255	21
566	567	149
815	56	15
1127	146	14
1259	561	2
1843	1075	3
1322	637	12
734	273	34
56	166	8
334	22	10
32	146	14
1349	1225	21
1225	1348	21
401	402	65
783	1055	44
1685	1427	20
1268	391	47
1306	29	9
101	515	7
1022	543	5
716	378	14
2004	29	9
1132	918	23
1219	198	23
683	264	3
799	629	99
712	427	3
579	1128	126
53	468	21
14	226	3
1215	2005	58
2006	2007	23
221	1047	7
1174	78	109
2008	1248	3
698	1190	127
1565	46	20
690	66	25
1187	984	15
617	21	9
221	1392	7
129	409	7
2009	214	64
460	29	9
1748	76	27
58	57	5
1609	1388	57
531	1128	126
1500	1416	41
1052	840	97
238	1610	35
2010	93	57
141	46	20
546	545	21
949	860	21
1654	151	8
443	726	65
128	802	21
1282	37	58
712	2011	3
814	76	27
1549	602	65
192	149	21
2012	126	83
347	2013	35
118	76	27
965	1232	47
211	212	96
1302	491	12
907	13	14
165	19	8
1432	2014	154
304	799	66
27	26	18
1918	725	105
712	881	3
84	29	9
663	934	7
481	151	8
500	501	23
1483	1482	5
616	591	54
268	809	23
852	48	9
2015	170	60
795	2016	7
93	194	15
776	891	3
821	486	8
903	960	113
2017	82	8
812	146	14
1807	447	139
2018	2019	13
225	1514	12
295	2020	67
63	391	47
2021	1373	84
681	378	14
1214	2022	103
2023	1903	169
1827	491	12
1276	121	12
256	599	5
35	2024	16
938	29	9
272	265	65
820	504	53
1244	782	90
2016	704	65
2025	29	9
1432	876	154
1271	78	109
1163	400	34
178	2	14
2026	66	25
105	2009	110
542	2027	57
1266	285	70
1363	1362	13
67	146	71
311	1016	72
456	1452	24
1887	396	77
84	48	9
1482	1483	21
335	170	24
861	546	5
255	598	21
1205	230	18
282	476	66
1458	1783	23
377	810	150
1360	521	41
92	170	24
1262	1066	21
38	37	8
139	106	70
717	29	9
357	1017	23
442	29	9
391	717	2
577	310	25
1546	21	9
146	1646	35
300	1620	160
79	814	21
1150	76	27
505	157	14
732	66	25
713	2028	60
98	1520	15
1480	166	8
1436	430	119
431	2	82
1312	1313	5
1302	1247	21
985	207	18
387	1489	167
1004	792	111
327	850	15
2029	21	9
863	766	12
680	900	23
1384	248	49
722	170	24
1242	795	12
520	463	60
307	2030	7
1645	1646	60
898	484	29
917	1425	9
1893	1480	23
1813	126	60
413	1425	9
71	127	18
473	46	20
106	1585	72
217	29	9
461	602	21
1921	21	9
1757	170	46
1880	1641	15
365	1312	5
212	378	91
1942	420	62
83	1735	65
267	1406	23
1826	514	5
349	892	21
1207	1328	8
897	1278	104
544	1765	34
629	1148	66
545	76	27
96	2031	90
1562	146	149
2032	1589	15
1712	2	91
16	1435	18
477	2033	66
1434	88	25
1266	139	41
2034	2035	3
533	853	3
1611	1610	35
425	82	8
227	1039	54
1163	1583	65
242	802	49
67	932	42
61	1044	7
795	813	7
343	1481	8
212	13	91
253	398	5
2036	2037	9
1634	1043	141
970	993	18
1765	108	18
1110	946	21
1911	379	43
1966	1207	23
692	1196	5
1293	29	9
1738	616	54
1210	493	7
868	170	83
771	370	14
1417	29	9
279	46	20
431	2038	82
137	87	14
238	1791	35
1522	1141	23
1574	1813	21
880	1137	18
993	922	170
1124	204	20
2039	29	9
1636	1460	15
265	269	43
1980	46	20
16	920	18
240	920	21
411	626	47
418	1690	80
829	1247	0
2040	1158	138
2041	1617	0
129	1350	18
1137	76	27
1201	815	44
480	941	20
845	341	103
345	378	14
720	1701	8
378	976	171
662	755	102
1364	516	34
61	154	7
1642	591	10
211	549	96
562	1031	65
657	1504	13
2000	101	12
2042	640	57
157	764	13
2043	2044	57
1516	313	21
907	87	14
309	578	25
35	1295	16
1633	29	9
639	1427	20
659	1	18
1985	46	20
2045	1728	151
280	528	12
1887	396	65
127	1123	12
1898	1206	24
2046	360	73
1893	1772	23
1550	1373	84
786	29	9
765	659	12
1090	346	19
275	2047	16
1414	2048	23
1350	29	9
10	1358	5
322	1683	13
1447	1448	75
2049	1149	3
972	316	21
979	2050	60
1878	1482	5
661	601	97
2051	2052	21
87	696	25
2053	2054	30
1514	860	18
265	501	43
1268	2055	18
752	753	21
437	381	21
1234	21	9
1129	146	14
243	1389	21
1285	921	53
1898	29	9
1203	834	53
346	816	12
1735	2056	60
1066	1067	5
101	2057	18
568	1327	18
2058	170	60
1012	29	9
304	957	66
968	285	70
165	46	20
863	659	12
338	298	15
1576	1641	23
1988	220	53
1934	46	20
2059	29	9
1358	1247	21
2060	360	73
2061	2062	151
438	343	23
599	132	24
1276	316	21
1244	845	90
860	659	12
434	366	2
968	1416	41
393	253	5
232	1026	49
1604	76	27
1738	330	54
185	469	5
1018	1017	7
1003	890	80
1450	834	53
1416	968	41
352	979	5
23	227	10
63	805	18
1338	46	20
2027	21	9
1586	377	14
1630	2063	12
177	386	13
821	781	160
2064	29	9
1634	2033	141
2065	2066	34
2067	2068	35
1946	63	12
109	146	14
702	171	12
662	393	102
396	1887	36
1485	1702	80
2069	1971	57
998	2070	45
206	801	49
811	447	91
528	100	7
1570	1814	47
198	46	20
1126	1681	49
2071	160	21
983	1204	11
985	740	18
611	986	2
2072	2073	3
20	1875	23
1039	1208	95
2074	382	148
45	1573	34
2062	1527	59
61	108	18
1964	404	8
1447	1394	19
2075	29	9
363	404	8
396	1887	15
1963	87	144
480	479	77
392	1924	7
723	1790	172
1352	2076	16
749	534	3
641	22	10
280	279	23
1119	2077	4
1536	1762	118
932	38	15
1266	1572	70
1665	931	93
1109	76	27
2078	29	9
157	2079	156
2080	842	15
454	601	97
240	222	15
67	46	20
613	255	21
1026	29	9
199	1123	12
771	146	14
167	2070	45
2081	49	21
258	257	55
1601	48	9
749	426	3
1784	2082	15
1939	320	145
469	1230	21
265	625	43
1813	29	9
914	227	10
623	1060	21
1634	1692	141
2083	2084	147
1838	82	8
238	285	13
790	369	21
499	647	23
662	1844	102
925	1220	47
1903	502	35
366	1388	21
712	64	3
557	131	3
120	450	44
140	87	71
712	1068	3
967	158	2
361	971	59
1110	2052	5
1348	1225	5
180	53	18
328	850	118
265	1749	43
496	101	12
353	935	3
839	203	135
1439	29	9
100	547	34
517	358	73
1418	111	47
1206	20	74
1866	2085	18
1085	624	23
1426	447	14
1183	304	112
2027	29	9
1388	97	5
1276	972	5
945	941	20
329	377	14
860	686	21
615	614	5
1410	38	1
443	19	8
815	122	43
1033	2086	9
1117	515	15
477	1103	66
528	1088	7
714	120	93
205	2087	3
460	161	21
71	5	18
230	330	107
350	303	66
794	29	9
2059	357	21
1042	21	9
98	461	21
712	717	3
220	1636	120
860	766	12
14	290	3
137	157	14
119	1201	7
1046	726	5
1230	29	9
10	2088	5
10	2088	21
2089	2090	80
964	377	14
425	718	26
2091	29	9
2092	114	2
588	1867	7
1068	170	24
1952	588	34
987	1623	21
623	899	21
862	1179	3
593	157	14
395	1529	114
2093	2094	43
267	460	5
481	1581	39
2095	1111	35
805	76	27
121	1276	18
125	634	21
1324	941	20
898	752	65
2096	372	9
1090	170	83
712	207	3
912	959	60
922	993	170
17	19	8
979	797	5
1430	181	8
794	372	9
663	152	7
335	899	5
388	170	173
934	404	8
948	1608	12
577	322	13
53	1549	15
1498	347	35
350	1148	66
62	588	34
0	427	0
1147	170	24
1349	1348	21
2097	706	59
275	1747	16
1132	29	9
9	1016	78
446	941	20
235	29	9
2082	1784	32
101	443	7
835	2098	35
1302	1144	12
101	734	7
988	616	174
4	777	2
1871	423	21
811	377	91
238	1438	35
1422	2099	106
1453	2100	17
2101	443	15
2102	378	14
1500	214	70
2103	817	57
1756	377	14
14	10	3
718	425	26
2104	1355	157
2105	491	12
742	153	44
814	29	9
205	226	3
720	46	20
398	393	21
1721	46	20
455	1657	3
1195	601	97
1411	87	14
267	316	21
550	88	25
232	1026	21
1348	1224	21
1497	48	9
2074	1603	141
709	505	15
1044	265	44
885	2106	12
587	797	5
749	10	3
513	678	13
2038	66	25
2107	1181	23
13	1594	35
242	553	23
856	25	11
1026	171	12
1764	2108	24
532	458	12
1349	588	12
2016	795	34
1445	29	9
2109	378	149
860	1	81
663	374	7
142	329	43
1084	603	125
455	738	3
965	1428	7
799	629	68
852	29	9
587	76	27
1832	29	9
2110	795	12
2111	2112	61
572	267	21
1567	1192	15
593	588	34
1	1418	12
838	2113	3
752	29	9
693	29	9
1432	1572	154
71	1224	18
899	335	5
1353	876	52
164	490	8
649	2114	21
152	502	14
1018	812	7
1587	110	15
818	616	10
919	79	21
2115	82	8
1256	1290	19
541	921	106
1479	29	9
388	1772	43
811	146	91
154	46	20
170	711	35
1352	2047	16
1785	1243	24
1994	1000	23
593	126	83
270	378	14
777	592	21
534	1514	12
491	1403	18
1514	111	47
452	1686	0
126	1183	140
950	1544	120
28	449	60
754	46	20
69	567	14
307	173	7
648	1985	36
97	367	5
108	69	36
2116	1511	47
871	1515	2
363	1177	63
592	10	5
1635	2117	12
948	949	5
249	617	5
1151	629	112
892	1144	12
1307	2118	65
1576	29	9
1563	170	24
1361	60	70
411	1000	7
861	29	9
228	227	54
486	184	93
577	88	25
865	2119	5
376	87	14
1934	404	8
550	578	25
1022	1350	21
771	356	34
898	752	108
731	730	13
386	177	13
1232	704	2
1038	1342	23
2120	25	11
1430	146	71
49	29	9
690	689	35
2108	360	73
1593	1016	78
1179	170	110
759	104	5
986	128	21
1402	1284	63
1370	378	14
679	1429	91
33	34	23
683	1844	3
390	111	47
225	330	107
316	572	21
497	1475	53
73	29	9
431	302	82
2121	377	91
1169	46	20
705	679	96
735	29	9
1143	29	9
1276	389	23
1832	21	9
1268	955	18
749	492	3
2122	2123	73
295	1584	67
41	825	18
308	1569	20
593	378	14
1677	880	34
2124	490	8
1535	1088	23
4	194	98
93	194	23
1665	2125	129
96	704	90
726	363	15
884	532	21
389	1840	42
422	421	43
603	766	12
190	2126	45
1626	673	24
549	764	91
267	572	5
1292	170	60
1150	173	15
1540	1913	4
2127	1720	41
980	2128	61
1952	170	83
854	377	14
1468	29	9
494	1226	33
1054	46	20
125	423	21
1022	1350	5
199	71	12
2129	404	8
1603	792	111
2130	635	3
199	858	23
1310	2131	66
616	2132	113
799	304	112
2006	29	9
47	29	9
1269	1832	21
109	1128	126
171	718	7
820	950	53
827	805	0
1608	740	18
1402	465	63
925	593	7
37	1282	1
250	2010	35
1150	407	78
303	350	99
101	656	18
2133	76	27
1149	54	15
2033	633	22
1867	170	14
1724	1031	2
592	1144	12
1112	927	12
1009	1321	63
438	76	27
662	784	102
1368	1894	81
2134	82	8
131	23	107
375	1194	4
1123	145	18
212	377	91
2110	1206	105
1771	350	99
686	2135	24
259	2136	61
2137	2138	13
293	29	9
611	1269	2
111	767	2
425	424	63
347	1896	35
730	1319	13
104	76	27
154	344	65
162	460	5
350	1183	66
677	2139	57
352	408	12
309	66	25
1082	1038	57
267	572	21
898	1140	29
607	1037	3
505	2	14
562	1725	158
1060	1047	23
1123	543	18
972	316	5
2024	25	11
639	640	75
2094	82	8
153	1781	43
1811	101	12
1988	25	11
307	1460	7
212	2	91
230	2140	38
848	941	20
1691	2141	141
1336	897	15
1259	1989	98
105	2009	24
914	1228	130
1290	346	21
1763	1468	57
1018	682	18
338	491	12
1069	880	12
1589	515	63
1023	450	44
1302	15	4
616	765	113
898	484	5
531	1573	34
497	1940	57
1112	1297	4
629	628	66
2142	48	9
71	1044	7
238	278	35
1557	792	111
2143	2144	70
746	392	12
1192	1328	8
862	1663	3
411	329	7
505	378	14
275	839	16
712	954	3
1521	1423	53
588	544	7
200	1032	15
492	761	24
2145	450	31
813	19	58
1962	170	83
509	510	60
2146	29	9
177	387	13
811	2147	91
274	170	83
599	29	9
102	1134	21
2148	2149	13
2150	29	9
473	82	8
1316	82	8
275	1051	16
2151	2152	89
162	161	5
316	161	21
482	170	46
460	735	5
64	104	5
812	46	20
1382	1496	80
1850	442	21
2153	1900	61
545	29	9
39	306	69
291	920	21
2154	668	12
238	2155	35
769	378	14
1552	79	2
265	1141	43
1734	29	9
2156	382	35
205	1679	3
780	323	23
1298	1698	20
106	1320	167
612	1795	93
852	234	21
1979	82	8
1244	1279	154
429	1496	80
36	834	53
174	570	7
653	1083	86
1110	946	5
909	126	60
296	834	53
332	369	21
170	1385	35
1327	568	12
221	770	7
493	580	34
879	526	21
1381	774	11
1700	76	27
1361	320	41
336	2	14
1878	1482	21
154	344	77
273	900	7
2057	29	9
851	1458	65
1320	1319	86
2157	86	24
562	1031	32
1631	514	21
669	1060	21
1118	1671	21
1544	126	60
316	572	5
1631	93	21
1402	170	83
541	1007	16
1863	1903	148
623	29	9
403	378	14
465	78	109
1740	683	84
649	1339	15
459	1029	5
179	16	12
406	29	9
1361	1500	41
603	790	21
1108	304	99
947	946	65
795	581	7
1734	17	23
1973	1293	21
757	2000	57
1377	360	73
2158	46	20
174	109	7
705	302	146
402	1823	15
2159	1330	24
1003	890	61
593	925	34
2160	29	9
411	627	7
1395	82	8
940	157	14
273	308	7
1549	151	8
1262	1067	21
815	596	43
1540	126	24
1083	653	167
1367	21	9
2161	136	40
2118	1307	15
1029	1234	49
2012	19	8
180	783	7
906	629	99
2162	1477	18
1352	36	16
539	648	77
580	2163	7
957	350	68
170	1239	117
106	2164	35
623	1047	15
258	5	55
1192	1567	165
1236	53	21
2107	1181	15
1122	29	9
1560	184	15
476	282	88
965	1756	7
726	908	15
330	331	10
1479	1338	23
471	228	54
874	659	12
1161	66	25
829	789	0
1091	29	9
1273	557	84
1565	265	44
357	867	23
1284	465	63
706	1962	23
456	505	15
583	812	23
749	802	3
400	83	7
2165	76	27
947	946	108
166	122	1
920	222	23
105	1025	5
1256	597	8
1232	442	2
1961	1960	13
749	2166	3
105	1025	21
452	197	0
629	799	66
1576	1364	23
2167	1447	23
1291	1190	127
1051	136	40
1779	146	122
455	619	3
1021	2168	4
167	1014	45
859	19	8
1349	1348	5
707	514	21
1194	2169	138
1221	170	30
297	100	43
350	2170	66
331	330	10
199	58	5
53	528	12
1415	367	5
2171	1026	143
1746	76	27
814	79	21
251	1163	103
1259	493	98
2088	793	107
1600	1574	29
1882	668	12
528	148	7
1884	2136	152
800	425	23
1361	876	70
595	146	91
400	1133	7
2172	2173	23
14	427	3
1250	949	21
487	959	24
1944	1303	85
616	660	54
1145	25	111
1835	29	9
1501	968	145
108	140	36
2174	170	60
1139	1579	8
1364	1576	65
1460	404	8
2175	455	84
756	82	8
1156	1155	13
122	46	20
1255	29	9
2102	170	126
330	227	10
1971	2108	24
1522	1860	23
261	170	24
1873	46	20
2176	2177	13
347	1919	35
60	2178	35
622	11	18
431	643	82
127	414	5
1549	663	34
2179	358	73
759	104	21
1799	53	21
2180	377	14
69	307	34
77	1480	15
471	330	54
1369	663	34
1183	629	99
1109	801	49
690	689	167
1072	1973	21
855	792	111
1336	2181	60
1007	950	53
123	149	21
221	1172	7
57	58	21
705	212	51
661	37	8
330	22	54
1535	29	9
480	46	20
1276	316	5
520	21	9
857	926	43
910	2182	119
64	766	12
727	1270	56
2036	650	30
121	900	7
2034	2011	3
531	166	8
529	265	65
572	316	21
610	28	18
899	456	21
817	29	9
723	774	111
2183	25	11
572	316	5
1561	21	9
370	894	117
394	78	109
221	783	7
1586	941	20
2052	2051	21
1928	1534	35
2045	1874	59
192	29	9
2149	2148	13
1574	365	21
1100	490	8
316	735	21
115	243	0
1853	170	24
411	69	7
1817	1951	13
258	29	9
1018	1002	7
984	378	14
1278	21	9
385	1572	52
1319	1320	35
392	1259	47
69	302	14
2116	1399	47
663	1086	7
899	852	21
804	357	65
1823	402	108
1849	46	20
898	252	5
663	1809	7
1426	2	14
20	1850	55
443	2184	8
558	2185	105
441	116	57
332	1341	38
1348	29	9
367	1388	21
243	49	21
270	339	32
470	41	34
471	334	10
845	1469	1
391	948	2
882	61	12
455	1408	3
1522	564	23
1526	898	124
2153	1900	80
227	23	10
2186	29	9
659	777	18
1085	21	9
23	591	54
1500	285	70
2027	170	24
265	1044	43
1206	206	74
156	146	71
1093	1094	61
707	29	9
428	82	8
128	515	15
871	688	98
471	330	10
640	433	12
142	279	43
1648	1576	2
1235	1243	24
1375	29	9
1762	795	34
1648	648	2
1462	1692	141
825	484	21
258	511	23
435	19	8
291	1198	21
1377	1376	13
576	794	0
1318	106	24
2187	2054	168
584	68	23
738	1144	12
2139	507	21
320	876	70
43	1429	14
138	1572	70
1982	1514	12
190	2070	45
771	378	14
825	2188	21
151	38	1
461	76	27
10	11	21
920	1502	15
2066	2065	7
324	715	23
10	663	12
514	1022	21
2189	29	9
825	170	24
605	941	20
602	647	23
497	5	57
979	29	9
1742	1137	21
2125	1079	35
2110	687	23
662	1230	102
1206	1150	74
363	729	8
986	79	21
2190	76	27
946	1110	21
549	377	91
690	2191	171
62	378	14
497	1025	57
1167	1168	159
226	1514	12
1575	95	2
1187	964	23
115	1897	0
95	1024	5
13	88	25
802	170	24
661	378	14
1631	194	15
307	977	7
674	29	9
643	66	25
482	1025	0
171	473	7
2089	911	80
872	1427	20
78	969	1
842	547	34
1700	29	9
262	29	9
1762	704	65
1042	48	9
2192	242	102
174	2092	47
158	187	21
1429	66	25
1279	65	13
591	331	130
267	29	9
712	2193	3
948	1418	12
132	571	35
1022	130	15
1093	2194	80
2012	46	20
64	942	21
1824	637	12
1043	1204	111
1736	464	0
2152	2151	35
995	802	49
231	16	34
237	950	53
965	872	7
1672	292	124
899	182	15
1000	170	83
2195	208	95
663	871	47
49	1899	5
948	1202	21
2034	557	84
1474	567	71
1088	123	65
1726	21	9
557	1755	3
133	1567	165
1081	602	21
1352	2196	16
629	1151	66
1860	1725	158
2101	126	60
557	2140	3
120	78	109
790	789	21
1134	76	27
1530	1112	77
620	624	23
469	1774	23
282	1103	66
431	87	82
304	384	66
1285	1413	46
1181	1567	165
886	106	24
1278	443	15
210	29	9
53	21	9
1507	378	14
514	1883	23
484	252	21
814	80	21
1203	921	53
925	1809	7
101	854	7
2197	330	107
272	46	20
585	601	97
2198	78	109
1328	454	1
20	1238	62
422	150	15
2199	136	40
677	1746	57
170	106	13
1265	106	70
2200	792	111
1028	1027	167
343	490	8
1302	29	9
1523	764	139
336	377	14
749	333	3
135	25	11
2201	1239	117
468	29	9
728	155	44
1308	170	24
290	1517	9
471	227	54
968	60	70
162	572	5
1729	2045	175
644	834	53
851	378	14
965	756	7
142	1980	43
620	1487	23
700	2	14
749	592	3
1172	151	8
200	29	9
707	48	9
60	312	35
494	406	33
101	803	7
1783	170	83
1558	1269	21
63	942	18
1574	29	9
735	267	5
1245	350	112
128	1502	23
227	793	130
1418	944	18
542	5	57
2119	865	21
1498	285	35
11	491	12
1065	2184	8
116	243	5
1302	622	12
1877	29	9
121	329	7
1470	207	21
663	339	18
2157	21	9
924	146	144
1361	1360	41
502	66	25
659	1269	18
776	1208	3
1836	360	73
978	868	23
712	2035	3
1699	146	14
1467	408	12
923	78	28
1088	1464	142
429	1496	61
398	279	23
687	601	97
647	146	71
456	199	21
1191	466	7
248	1059	23
1018	1774	7
1353	840	97
993	2202	24
692	104	5
1627	581	15
660	1738	54
450	687	43
221	109	7
1910	2203	118
507	2139	5
942	1514	12
284	170	83
1672	292	15
830	29	9
324	48	9
262	48	9
865	170	60
1535	398	5
991	941	20
557	2204	3
393	460	5
178	378	14
676	1491	9
699	5	57
529	447	14
327	48	9
170	1970	35
1088	1464	65
1969	1968	13
557	891	3
2205	78	109
746	752	5
518	900	23
1500	238	70
1650	151	8
964	378	14
1747	203	128
61	648	18
255	613	21
802	995	49
539	726	65
395	769	36
227	1001	113
1512	2206	35
930	66	25
14	619	3
880	1742	18
1181	2207	8
803	2208	65
1510	306	69
1619	823	23
16	544	7
101	1549	7
1230	1774	15
722	170	105
452	1830	0
706	401	15
835	2209	35
623	1330	60
153	1964	43
321	377	14
38	46	20
762	5	21
1583	400	12
1106	1329	89
1826	1022	5
61	18	7
1552	544	98
643	2210	176
283	1790	172
317	2	14
119	1369	7
414	29	9
2211	792	11
16	1650	7
32	46	20
980	981	80
616	383	54
126	894	117
2212	2213	111
436	669	21
455	1626	3
1218	2	14
1348	1225	21
16	1026	18
903	23	54
1083	652	35
388	141	43
1450	498	25
1181	204	20
756	404	8
159	272	160
257	152	23
1485	1690	80
1108	629	99
238	1585	72
1478	616	107
210	76	27
673	360	73
335	76	27
965	815	18
1875	87	14
1853	1135	23
1286	762	42
528	336	7
337	1282	98
2	2214	35
727	825	55
320	1572	70
2215	358	73
1906	956	1
494	1219	33
28	610	12
542	1726	57
391	1149	2
2216	170	24
1794	1195	15
291	292	15
149	20	5
455	2217	3
431	1056	82
1691	1043	141
309	88	25
2153	1976	80
232	1576	114
3	146	14
299	465	63
175	841	98
2218	170	24
1876	876	24
1874	1966	4
1110	947	15
919	624	23
899	1276	125
2006	76	27
1810	1805	9
766	765	18
786	2219	23
651	423	2
43	371	32
1589	2032	42
1711	1413	24
38	1410	8
391	10	2
2220	29	9
598	409	15
319	48	9
120	371	32
836	913	2
1630	29	9
313	501	23
119	803	7
431	13	82
1307	13	14
616	243	113
898	252	65
2221	510	24
1298	673	83
41	1384	18
1025	1685	15
964	567	14
371	226	21
1749	82	8
56	55	19
1833	238	52
1412	29	9
2222	126	13
10	126	60
815	1201	43
1784	627	15
1713	882	4
2098	835	64
1099	1270	55
790	603	21
1886	2223	2
1571	2071	2
49	1899	55
1316	941	20
69	108	42
701	1720	41
2079	157	92
910	2224	119
1398	1234	57
273	472	7
584	21	9
2225	2043	67
1933	546	136
1516	76	27
712	1653	3
810	212	51
1601	2226	60
101	871	47
542	1431	57
61	178	7
274	16	34
357	2059	21
399	48	9
1899	49	55
2227	170	46
116	471	107
294	46	20
749	1084	3
984	46	20
1282	1799	29
580	493	7
967	953	2
376	16	34
1880	29	9
1917	1361	145
111	1300	2
1139	82	8
377	522	13
251	845	5
825	727	55
1114	46	20
80	79	21
1387	21	9
874	491	12
1000	82	8
1591	2228	30
42	76	27
701	1343	41
1778	146	144
563	2151	24
2229	21	9
146	415	79
772	1800	7
2230	2231	13
97	366	21
353	2204	3
235	76	27
1553	923	102
1472	437	21
425	2173	26
2172	29	9
868	857	44
738	622	12
69	1434	14
654	60	24
1771	304	99
571	132	173
1511	1201	98
1147	1123	12
1418	556	18
297	1392	43
793	1200	95
1965	286	21
1947	2232	90
1807	377	139
323	2233	14
1401	2234	53
780	1364	15
745	1030	15
2010	250	46
815	346	21
33	16	12
749	1451	3
405	1832	0
234	899	62
273	871	47
433	1220	47
1446	277	15
1299	793	166
1361	214	70
301	166	8
291	1321	23
273	1047	7
924	21	9
914	383	10
1577	134	39
818	334	54
709	505	23
42	29	9
1244	1453	90
268	48	9
1342	171	34
190	168	45
483	834	53
2235	657	24
898	866	29
1352	2236	16
173	87	14
1856	796	21
1108	350	112
2157	86	60
885	668	12
53	128	21
142	194	43
2237	251	65
1063	2238	0
118	117	49
2085	637	12
934	663	34
925	434	47
2115	170	83
460	162	5
1139	486	8
36	97	57
414	294	23
1988	792	11
924	923	21
275	1398	16
2114	126	60
933	2213	11
1629	29	9
352	76	27
2239	146	154
2240	1033	18
949	1608	12
1817	1816	85
1507	404	8
1361	968	41
819	2026	35
1508	1979	23
109	87	71
2241	82	58
172	726	19
304	1151	66
185	29	9
673	1443	13
2118	663	12
1351	670	65
1236	1799	21
1743	1647	102
313	170	24
13	578	25
799	25	111
616	23	10
728	82	8
588	62	7
265	272	43
738	657	60
446	70	14
614	1479	21
231	601	97
1191	480	7
1983	480	23
521	1361	41
2195	2242	95
2243	1206	105
563	1685	23
35	699	16
2229	29	9
2244	46	20
265	1637	43
1735	83	15
471	1815	95
1781	2063	34
78	834	137
1973	1292	21
252	171	12
1220	10	2
776	1257	3
1432	2	154
1143	1530	23
1907	106	52
468	1799	21
149	1520	15
1416	1500	41
858	155	44
788	29	9
801	29	9
2019	2018	13
1234	1029	49
162	316	5
1861	586	15
1639	29	9
1217	467	21
361	2245	59
1741	1124	23
822	29	9
957	629	68
1602	1655	89
706	1641	15
851	46	20
68	67	26
631	48	9
1734	896	15
1615	76	27
1026	170	24
193	192	4
637	2085	18
1520	170	83
398	393	5
829	929	0
1387	106	24
880	525	18
1336	913	5
1829	29	9
324	588	12
2052	2051	5
1576	170	60
943	29	9
307	897	7
2246	1527	0
552	459	49
142	965	12
712	1827	3
1772	78	109
1743	532	102
1210	341	7
121	81	7
979	797	21
1427	2247	90
759	1200	21
291	68	15
41	1120	18
796	795	12
1572	2248	35
1399	20	2
265	501	15
2249	29	9
484	898	5
182	13	14
747	214	52
398	29	9
2250	2251	86
2252	95	3
143	1911	44
53	588	12
899	715	23
797	352	21
2253	146	144
1084	603	143
628	1204	111
1410	292	1
349	622	12
1638	29	9
1758	2254	13
1742	880	12
1911	143	43
969	146	14
1018	1860	7
2255	170	60
1185	88	25
13	930	48
1875	378	14
515	1589	63
2256	2257	84
2094	46	20
2211	162	57
629	1245	66
1270	76	27
1526	752	5
258	170	24
648	21	9
705	595	51
662	1478	102
2258	76	27
151	1053	1
1186	29	9
593	82	8
433	1886	47
138	106	70
1339	649	121
1576	1741	5
611	232	2
473	942	32
1257	170	24
1761	785	23
1060	436	21
1059	37	8
285	1016	72
273	926	7
459	1234	38
1681	29	9
1370	490	8
581	795	34
2259	2170	66
1022	514	5
1891	29	9
433	2092	47
1830	727	143
1528	957	140
1966	1874	4
312	60	52
1917	170	60
208	76	27
234	233	55
221	143	7
145	543	5
2260	792	111
1506	668	12
854	2	14
706	29	9
1198	291	21
2261	360	73
604	802	125
2087	896	15
1749	265	44
1248	29	9
2040	1666	30
2262	170	60
369	1827	49
469	21	9
1823	402	65
749	197	3
190	2263	45
2116	636	18
903	330	54
726	170	24
350	799	66
1341	332	38
2264	6	84
297	867	15
230	459	143
2265	2062	151
333	121	12
685	1207	23
1934	378	14
1638	832	4
1936	1426	43
655	378	14
657	894	117
252	484	5
1353	1204	11
965	265	18
1068	2266	60
230	29	9
367	366	21
722	218	9
848	82	8
1418	740	18
1183	1052	76
130	1350	65
35	1988	16
1734	408	12
2173	424	26
2170	2259	68
119	734	7
237	834	53
49	2081	5
1588	1790	172
509	29	9
152	13	14
171	329	7
446	46	20
2264	1563	3
569	443	93
121	1307	7
2267	29	9
1370	146	14
2217	29	9
150	170	83
2268	840	97
1864	2269	152
749	163	3
1032	1031	32
2141	477	88
442	1737	23
641	616	54
1244	169	90
1184	579	15
854	447	14
2188	825	21
1396	358	73
2072	354	3
1141	181	8
1118	663	12
543	1826	21
109	82	8
514	145	5
536	2270	90
2218	228	107
1225	1643	5
702	199	5
2087	29	9
1000	183	34
1623	1624	15
2	894	117
712	884	3
431	70	82
113	378	14
1302	208	4
327	126	105
1613	29	9
200	58	5
1139	388	44
1147	171	12
1798	119	34
254	460	21
2271	76	27
1623	1622	21
2089	911	61
153	1387	21
346	1290	21
2272	21	9
199	21	9
1313	29	9
2273	29	9
248	29	9
214	2274	35
1039	334	54
855	1052	76
244	1878	18
230	1205	12
101	496	18
2275	136	40
1830	727	55
979	352	21
2276	29	9
516	92	18
179	2003	23
1329	1106	85
1054	315	8
882	1044	15
351	25	111
1965	76	27
574	76	27
1553	992	102
811	416	91
1737	82	8
866	29	9
915	2168	4
388	896	15
749	1302	3
23	383	54
1315	348	78
1130	929	3
1276	29	9
402	401	15
1409	29	9
980	1486	61
1826	1022	21
1586	82	8
352	493	15
353	2277	3
531	46	20
412	1926	42
1737	817	65
138	1266	41
764	66	25
1046	21	9
636	76	27
2278	454	15
925	148	7
138	285	70
1061	82	8
1790	1353	155
1018	201	7
123	528	12
908	400	34
1297	29	9
298	597	8
289	2238	3
2279	21	9
1173	1354	89
726	127	5
1099	1272	23
95	1009	15
931	82	8
16	1433	18
507	506	21
683	230	3
802	1412	62
606	455	84
2280	885	4
2281	1020	4
405	884	0
431	567	82
533	1408	3
954	170	110
100	706	19
1018	1263	7
2282	146	122
1369	151	8
1503	311	24
431	146	82
712	1269	3
104	64	21
101	277	7
1657	458	12
532	170	60
1369	547	34
265	887	43
2283	1839	23
6	264	3
1631	110	23
694	1963	18
387	177	13
880	1677	7
1576	1741	21
152	87	14
190	1879	45
1399	899	2
2243	240	55
660	23	54
888	46	20
461	1081	21
843	29	9
896	388	44
2083	82	8
1114	617	42
1736	1064	0
1836	739	85
56	155	44
1145	1241	76
1013	1012	77
1777	29	9
1054	1464	65
552	459	38
714	110	93
713	29	9
330	228	54
811	1161	91
1147	407	78
289	14	84
552	551	49
1234	459	49
184	1560	75
47	170	24
1588	477	88
294	82	8
1823	400	34
22	903	54
793	227	10
1306	1307	15
2007	377	14
698	36	76
2124	1630	32
752	1526	5
97	1388	21
858	344	42
1226	1585	78
999	48	9
1643	29	9
267	316	5
396	1015	36
2032	126	60
919	71	12
1183	350	99
2284	360	73
804	46	20
119	913	18
1683	322	13
834	921	137
427	491	12
1253	76	27
2035	29	9
266	1126	55
2089	2285	61
116	243	21
162	267	5
868	588	34
1515	29	9
145	21	9
2157	174	12
265	1124	15
1798	404	8
532	76	27
889	890	61
466	1025	32
1484	2286	66
628	25	111
992	1230	55
1123	144	7
145	1022	21
935	2287	60
2288	29	9
93	588	12
2180	378	14
935	1109	56
1371	610	12
1771	1484	112
920	291	21
346	1290	114
1502	46	20
592	777	21
128	515	23
279	142	44
60	348	72
1847	123	55
616	330	54
149	242	49
459	230	55
2058	170	24
1825	1805	9
97	367	21
1550	1537	3
1356	1404	66
234	899	21
1263	941	20
455	1767	3
852	234	5
1799	29	9
501	1025	32
1752	1751	46
2096	2289	30
484	898	15
37	1059	1
446	378	14
820	2290	53
316	161	5
330	7	113
1802	76	27
1050	616	107
366	21	9
1023	1022	42
2291	29	9
254	1711	56
1033	2117	12
834	504	137
23	471	54
881	76	27
531	378	14
1066	76	27
2292	2136	61
749	892	3
783	166	8
2293	1411	23
266	118	49
420	1286	15
2111	2112	80
170	723	140
682	1721	36
1839	146	71
301	378	14
207	975	24
990	21	9
1145	1254	127
1184	579	23
543	436	21
790	485	12
527	21	9
1066	1262	21
1234	459	21
106	1960	35
1863	1199	93
137	643	14
536	1101	90
1461	960	0
784	21	9
2294	1966	57
759	1200	5
1412	802	62
811	690	91
953	76	27
1281	21	9
93	274	15
588	656	18
2295	106	24
612	1867	93
299	1402	63
706	401	36
68	588	34
411	1724	47
1087	2296	46
146	310	25
1315	1597	114
526	879	21
1398	840	97
1998	29	9
862	226	3
561	2052	21
1312	2297	60
1026	2171	143
899	234	21
587	126	60
431	1683	82
2043	834	53
525	880	12
2034	1451	3
561	1197	36
1875	155	44
398	101	12
925	178	7
119	639	7
530	497	76
865	806	15
473	1803	109
2298	475	12
871	62	98
1951	1817	13
1619	593	23
328	76	27
925	836	47
1684	913	5
2299	774	11
96	251	90
1245	304	68
829	1408	0
567	930	13
1844	330	107
528	459	18
1026	71	12
1942	29	9
329	447	14
1781	134	39
2300	227	10
1388	367	21
991	329	160
1798	221	34
214	2301	35
2208	133	15
752	746	5
60	238	13
986	137	15
651	1829	2
2013	136	40
1511	1350	2
1952	46	20
446	502	14
1515	1772	23
586	697	65
1022	1428	23
927	184	7
11	1358	5
614	29	9
1293	1292	21
1516	29	9
1532	391	47
1183	350	112
1693	29	9
603	1084	55
483	840	97
409	255	29
2252	1563	3
1401	840	97
383	616	54
1586	87	14
679	13	91
2225	2043	90
1181	170	83
850	328	108
83	2302	29
1699	146	71
287	1767	55
2197	616	107
555	29	9
101	544	7
802	1764	4
771	1962	26
87	2123	73
570	567	14
1623	21	9
910	2303	119
307	1054	7
987	170	60
1813	365	21
244	391	47
1172	119	34
20	149	5
1874	1390	60
2304	2073	3
1200	793	107
1983	2305	12
173	447	14
1066	29	9
579	2	14
2081	663	12
839	203	50
938	572	21
1236	707	21
766	2306	18
880	879	18
363	636	65
64	1205	12
802	604	55
1910	1306	5
462	463	35
1648	1364	98
23	22	54
400	461	18
1335	567	14
1888	1118	32
815	1867	15
813	79	65
461	1270	21
663	443	7
1378	1368	49
726	1324	15
1361	1416	41
227	1228	10
2307	29	9
1402	116	32
1002	2308	109
182	524	14
628	629	112
123	1088	15
1553	5	102
1039	330	54
819	502	35
1413	360	73
882	1044	36
2309	78	109
214	2310	167
321	378	14
790	1084	21
238	962	72
721	976	109
507	506	5
672	21	9
649	1491	9
1521	1501	57
639	640	77
198	146	14
1135	46	20
2311	377	144
231	1390	83
61	1129	7
2280	29	9
1418	1444	18
436	669	5
1981	95	32
2312	792	111
549	567	91
253	460	5
1644	29	9
1152	29	9
1823	19	58
1367	170	30
205	1064	3
1347	1929	60
634	1123	12
980	1486	80
95	170	24
752	1526	21
1235	514	21
637	1322	18
549	1429	91
1402	300	63
1202	948	21
354	29	9
2313	1638	18
1675	1702	61
225	243	5
1072	1292	21
1263	673	83
1077	46	20
888	1563	32
1441	1581	126
2314	2113	0
1173	238	64
1322	1866	12
1883	82	8
623	16	12
984	13	14
280	101	12
2315	1010	96
118	29	9
1384	236	9
632	477	88
1003	1004	80
1917	968	145
1495	1496	80
4	253	2
273	867	7
207	29	9
1307	87	14
622	391	47
243	116	21
513	512	35
1259	2316	2
764	88	25
2317	170	60
459	1234	21
557	1397	3
186	185	65
101	842	7
1235	1799	21
836	1025	2
1854	934	23
307	148	7
1358	616	107
623	456	21
142	43	15
555	357	21
2318	170	46
316	162	5
1500	1360	41
192	592	177
1492	46	20
205	1478	3
104	64	5
111	2071	2
41	254	18
1402	1390	83
1333	1332	13
2319	2320	46
303	304	112
505	221	34
1663	1746	55
1219	740	21
33	1805	9
681	680	65
178	377	14
799	304	99
536	2321	90
621	204	20
145	1022	5
714	1749	93
1411	377	14
1174	46	20
676	377	144
1026	21	9
200	795	12
460	162	21
1377	260	140
1197	82	8
1266	214	70
1875	447	14
780	329	23
1245	629	68
535	1859	57
810	549	51
544	727	65
2306	766	12
670	1351	15
659	243	18
492	29	9
251	2322	103
1822	170	83
454	2278	104
1195	153	44
525	1137	21
481	378	14
1093	2323	61
811	13	91
133	134	126
882	29	9
1964	153	65
1870	21	9
746	745	21
1086	601	97
301	2	14
1945	637	12
114	170	60
55	56	15
2051	2266	60
910	1920	119
1224	1135	23
1476	59	18
655	377	14
2042	514	57
1137	525	21
565	1266	41
1473	1114	23
397	146	14
1058	170	46
1249	146	14
2324	657	148
153	433	12
1700	21	9
900	170	83
1144	892	18
1432	106	154
514	1826	21
338	48	9
689	690	149
1813	1312	21
1483	372	9
411	480	7
839	737	46
22	330	54
106	2325	35
77	1480	23
1355	87	139
2173	82	8
431	2201	46
16	100	7
273	222	7
367	76	27
1918	29	9
542	199	57
2106	1541	18
1082	498	25
124	123	65
497	973	57
123	124	15
242	149	49
474	170	24
2055	2313	12
141	377	14
431	65	82
1365	2326	129
1692	774	111
1051	834	53
738	29	9
469	1487	23
1712	302	91
2152	1582	35
2093	54	43
2327	29	9
2328	360	73
1374	663	12
265	564	43
350	957	66
34	46	20
1500	1572	70
1153	377	91
1551	146	71
1444	475	12
16	661	7
760	46	20
1742	1137	5
1467	170	24
790	1409	21
1080	16	12
1735	48	9
487	29	9
388	769	43
1157	136	40
364	184	23
2139	507	5
1341	332	55
1501	521	145
251	2058	5
171	198	7
89	380	103
669	437	21
423	1871	21
1435	29	9
1078	950	100
1231	1010	51
145	144	15
759	105	21
953	514	21
533	105	3
1031	372	9
2180	146	14
660	591	54
366	1388	5
862	777	3
2074	2033	141
551	343	15
2329	774	11
1418	1	18
1127	1576	136
475	2298	18
557	805	3
1796	29	9
2330	1386	21
422	600	43
557	1075	3
1620	50	32
256	255	5
123	1088	23
1266	311	70
95	1025	5
1198	1761	21
2331	1057	5
542	1134	57
1710	10	57
1307	2	14
711	834	53
1746	520	55
24	602	57
1982	1205	12
1761	29	9
262	1785	49
1554	835	24
884	76	27
1092	1425	9
1015	396	65
455	2197	3
163	1408	49
934	146	14
1766	209	0
520	1746	56
2332	1491	9
1507	46	20
460	393	21
362	1869	12
769	46	20
431	378	82
338	1268	12
991	82	8
2188	76	27
153	411	12
187	29	9
1150	173	23
1350	130	118
329	524	14
2121	146	91
1842	469	42
35	1907	16
486	1061	93
109	61	34
786	76	27
257	258	62
119	1000	7
711	5	57
201	171	34
504	834	137
862	1064	3
572	1487	23
1553	1741	102
1350	129	12
329	2	14
616	330	10
1393	46	20
723	477	88
473	1355	109
1288	1347	3
801	1109	143
1539	1879	45
1101	87	153
557	765	3
662	254	102
1502	941	20
1201	1372	83
2053	2054	168
1105	21	9
1607	509	32
1067	1262	21
416	66	25
777	616	174
815	1867	43
400	898	7
702	528	12
455	332	3
1731	2333	152
454	649	121
1056	66	25
2334	52	22
54	1149	65
110	1587	104
570	447	14
663	1031	18
50	29	9
477	1662	66
2335	29	9
2336	1768	89
727	543	21
193	192	49
1415	1388	5
903	616	54
898	484	65
577	1008	74
345	447	14
543	669	21
1708	21	9
304	1245	66
1262	29	9
174	2157	18
1081	76	27
669	436	21
757	1726	57
2337	835	64
1132	121	12
182	2	14
1161	88	25
497	2262	57
580	409	7
1147	338	38
1299	2338	24
1291	792	111
106	2339	35
199	702	5
1766	1946	0
141	2	14
1532	703	18
2340	29	9
187	1154	23
1522	29	9
1519	29	9
728	46	20
67	68	63
1586	46	20
1080	101	12
1193	9	4
1414	29	9
1714	1811	18
616	2341	113
127	804	23
1039	227	54
229	834	53
617	249	21
899	978	5
2301	214	52
98	268	114
437	436	5
443	101	34
411	756	7
97	76	27
1136	1929	30
565	106	70
604	1023	23
1389	1390	110
468	1236	21
1515	1251	24
1856	29	9
2102	46	20
1341	332	49
416	696	25
662	436	102
557	1827	3
1219	198	15
560	46	20
1038	21	9
2342	347	52
545	21	9
1187	48	9
1498	358	73
316	938	5
529	146	14
522	66	25
16	179	18
1306	1910	21
1815	228	107
1631	29	9
2343	1869	12
719	1849	23
307	1009	7
1770	1976	80
2344	1204	11
1297	1977	81
998	1788	45
857	1980	43
73	48	9
1896	136	40
1464	1191	12
194	142	44
637	885	18
2040	1503	4
216	215	122
925	69	7
426	149	55
2099	369	3
2345	360	73
187	158	21
1212	443	23
2154	878	132
572	938	5
2089	2285	80
1458	29	9
460	572	5
452	332	0
695	2346	9
126	1234	74
1450	1889	57
1202	104	21
669	1123	12
1074	943	0
2	286	74
1843	426	3
824	21	9
23	330	10
830	616	107
712	603	3
398	1154	23
43	377	14
164	1290	19
300	299	63
753	1030	124
1138	151	8
1279	13	13
1539	2070	45
706	2066	12
737	839	35
854	1306	77
367	97	21
1633	1018	12
35	2178	16
1874	1541	4
851	450	44
1435	1364	15
830	23	107
1269	76	27
1110	170	60
557	1182	3
1589	547	34
1239	894	178
745	753	5
1132	852	21
253	393	5
515	1589	26
1108	629	112
825	76	27
651	552	2
1060	623	21
2347	360	73
1200	104	21
683	717	3
143	46	20
259	2136	80
5	29	9
992	29	9
607	1537	3
1310	1801	66
232	170	24
1842	71	34
899	101	12
1947	1101	90
663	851	7
369	11	21
486	781	93
1029	459	49
592	659	12
369	76	27
1073	2193	74
152	46	20
106	2348	35
461	1090	23
1281	1018	12
1483	1878	5
925	1201	7
540	2349	60
34	151	8
1291	1450	76
842	78	109
230	459	55
710	1243	24
2016	1536	65
1279	578	25
690	696	25
2167	170	60
35	1398	16
330	23	10
851	377	14
2104	1803	157
2000	1009	23
1133	852	65
814	79	5
2350	2123	73
776	1397	3
338	1065	15
617	249	5
557	635	3
752	252	21
237	1204	11
991	142	65
106	1317	35
61	621	7
128	127	21
615	1479	5
384	629	112
1523	1434	139
776	895	3
1434	1523	171
1458	71	12
1458	1978	23
1645	29	9
862	453	3
1022	145	5
979	493	15
225	226	5
2225	2275	90
1500	521	41
1826	145	21
353	1182	3
1401	203	135
1060	1047	15
1917	170	24
607	828	3
1419	132	60
60	347	13
986	29	9
163	1675	49
770	46	20
1052	498	25
171	1774	7
254	76	27
1256	1858	32
94	1359	77
139	1572	70
593	46	20
1723	170	60
694	950	100
871	93	2
1076	2351	83
212	87	91
1575	2057	2
347	1585	72
1472	1272	23
1883	46	20
1129	61	34
1240	1052	76
501	87	14
1203	78	53
227	471	54
221	69	7
121	456	18
320	521	41
815	760	15
835	2019	35
1634	1564	141
712	492	3
884	603	49
616	1679	113
164	1427	20
1825	2352	24
818	471	54
72	46	20
411	153	18
897	146	14
940	447	14
232	170	60
766	929	18
726	443	15
1369	95	65
1932	29	9
1078	1077	7
535	950	53
1389	243	21
106	2353	35
1601	29	9
305	78	28
1029	287	49
1401	834	53
600	339	32
1713	238	24
516	950	100
1941	386	13
1111	2095	89
1183	629	112
95	1369	15
1714	1997	47
1388	97	21
460	253	21
1515	103	23
2354	29	9
23	1039	10
1238	1237	125
1191	109	7
856	2355	53
524	930	13
1368	1109	56
581	1627	65
71	950	100
755	940	23
1529	769	36
616	948	113
437	1120	21
2335	76	27
1423	834	137
221	854	7
561	1154	15
568	1149	18
593	146	14
119	608	7
292	129	34
977	411	34
2356	774	11
1343	701	41
1432	736	154
1576	170	24
1002	388	44
427	659	12
377	1429	13
65	88	25
2217	76	27
1126	121	12
1464	76	27
1303	106	64
1849	490	8
556	2357	24
1770	1731	61
409	129	34
506	507	5
480	404	8
1130	1297	3
2313	2055	18
555	1017	23
1348	1789	23
146	66	25
97	1388	5
1675	1150	38
2116	1891	18
1321	46	20
2103	500	57
2293	21	9
152	2	14
616	2306	113
1032	2358	34
1638	1286	23
2262	21	9
475	777	18
809	170	83
797	979	5
1068	1570	12
2111	2285	61
505	87	14
153	272	43
1248	43	23
1755	1397	81
1387	671	15
384	304	99
2227	78	131
712	1547	3
79	795	12
314	46	20
2138	2137	13
1529	395	114
49	76	27
1536	2016	118
1410	666	1
659	765	18
106	170	13
1746	29	9
58	702	5
518	29	9
1018	1568	7
1572	1585	72
630	834	53
2359	360	73
1554	76	27
433	1724	47
119	277	7
1611	1791	13
491	427	18
643	88	25
261	1384	56
1598	151	8
796	1856	5
843	2360	168
2153	1976	61
542	498	25
455	1412	3
438	408	12
2119	170	60
2205	404	8
636	170	60
916	150	36
304	1183	66
2293	29	9
1046	29	9
1296	76	27
2052	561	21
60	1760	35
752	1030	15
185	16	12
1714	1940	18
533	1547	3
226	225	5
1145	2361	76
674	982	23
174	1724	47
1398	220	53
1185	66	25
401	402	75
1892	698	66
572	735	21
649	1548	15
14	1347	3
876	962	72
1353	1423	53
1785	29	9
1400	76	27
1792	2362	59
1278	411	12
649	1507	15
190	1788	45
1255	478	115
470	50	32
1889	21	9
497	95	57
2363	774	111
2193	1413	105
514	707	21
106	731	35
2186	433	12
214	213	35
2364	2365	3
153	647	43
528	279	7
579	170	14
1962	771	26
280	2266	24
549	211	179
1307	221	34
483	1560	57
344	61	12
1771	304	112
851	447	14
347	2366	13
2188	408	12
1196	692	5
253	29	9
690	1678	35
469	61	12
1832	475	12
219	1012	57
586	404	8
1974	734	23
1119	1194	4
562	146	14
600	422	44
240	1781	23
2034	805	3
2152	360	73
172	925	34
146	696	25
1398	73	57
339	663	12
2171	29	9
892	673	24
279	588	34
460	254	21
5	171	12
2225	542	90
879	1742	5
50	663	12
35	2214	16
2058	21	9
93	514	21
109	108	42
414	604	49
598	613	5
1574	76	27
1779	146	149
456	121	12
847	29	9
378	2367	25
965	156	7
1968	360	73
292	1123	34
456	101	12
1495	2182	80
1283	1912	60
740	29	9
161	460	5
142	466	43
579	170	83
1189	497	76
2368	21	9
1045	1044	15
1319	730	13
1684	913	21
113	377	14
663	1201	7
456	61	12
923	1811	55
1230	43	15
1324	19	8
221	804	7
634	470	23
1742	879	5
1979	146	71
483	921	53
443	1490	165
288	76	27
497	220	53
2199	170	46
2130	1149	3
1539	1267	45
655	2	14
1313	1312	21
144	1206	83
1358	369	21
149	1520	23
646	1717	36
150	153	44
409	256	65
668	667	18
230	2351	24
1358	11	5
2369	993	57
609	29	9
1039	793	10
610	787	7
1432	845	90
1449	1517	9
2283	1838	23
1895	564	23
1074	2220	0
446	524	14
2271	218	9
557	354	3
231	2	14
742	146	14
527	1018	12
702	29	9
745	753	21
871	336	98
377	88	25
749	1064	3
1785	76	27
101	18	7
1230	233	21
1859	29	9
663	926	7
57	2370	132
1406	377	14
338	1300	4
442	2007	23
696	2233	46
205	105	3
1899	49	5
41	924	18
1462	2033	141
989	46	20
582	110	23
2081	95	21
557	1001	3
1509	29	9
1192	78	109
125	802	21
1290	346	5
1447	1022	42
920	2244	23
1445	172	15
469	1842	23
494	1601	33
2171	2310	24
1009	95	65
801	1109	49
1224	511	23
6	1121	3
414	515	15
325	1037	113
361	1828	59
2371	2087	3
240	76	27
1140	484	180
106	2206	35
930	2372	156
56	55	65
1226	238	24
1350	1022	5
321	2	14
1288	1358	3
591	23	54
940	2287	14
133	46	20
514	1826	5
411	272	7
659	427	18
930	88	25
667	2280	21
762	29	9
2246	874	0
574	627	15
43	447	14
705	13	146
221	639	7
149	426	55
825	1122	55
133	657	14
1270	602	21
323	170	83
206	29	9
1343	311	70
1226	171	12
957	304	112
255	727	55
53	802	21
625	170	83
526	76	27
1594	13	92
140	404	8
1416	521	41
549	522	91
582	1297	21
1461	853	0
1271	46	20
221	4	47
495	1637	23
172	46	20
1269	49	21
1889	742	23
411	1049	7
544	46	20
985	1663	18
1731	1920	152
557	369	3
469	185	5
542	1859	57
266	2198	23
205	942	3
443	2101	32
753	1030	15
484	48	9
570	87	14
2042	1226	57
2373	372	9
1416	1360	41
1025	1492	15
1197	153	44
2374	29	9
2375	2	153
1767	287	55
198	117	65
1179	659	12
2376	1036	84
16	734	7
1248	78	28
1462	1528	148
588	178	7
705	378	146
1188	29	9
1761	1198	21
1224	1349	21
391	2242	2
1500	320	41
661	101	34
394	146	14
1530	467	42
565	238	70
1757	603	0
1132	918	15
557	2306	3
2273	2007	23
955	225	5
977	307	34
2087	896	23
1189	856	76
557	209	3
253	21	9
1219	171	12
800	407	78
123	769	23
178	146	14
1018	945	7
408	581	7
1741	1576	5
180	1861	18
329	2079	14
2167	29	9
316	126	24
527	170	24
1030	752	65
1338	151	8
777	29	9
455	929	3
545	2377	60
207	76	27
22	616	54
4	398	2
2378	718	23
968	311	70
1285	758	53
930	310	25
11	1144	12
1433	16	12
14	207	3
2190	637	12
770	378	14
516	780	18
432	2379	140
2038	65	13
397	2	71
81	1225	65
1767	323	23
540	76	27
1192	1949	104
596	46	20
1232	951	2
338	2237	15
702	473	15
1013	46	20
1360	1500	41
296	758	53
2380	619	3
1000	411	34
659	592	18
1426	170	14
854	673	83
501	265	44
2381	921	53
433	2255	18
812	87	14
197	400	12
2344	2382	40
747	2310	46
239	291	57
1811	923	55
2	696	25
485	1547	18
2383	136	40
1066	1262	5
103	1128	126
938	316	21
13	211	150
405	1478	0
1489	387	122
640	1919	60
370	1239	117
169	736	52
6	1755	3
829	1166	0
756	941	20
636	2116	12
866	48	9
591	660	54
803	2208	104
1060	101	12
493	979	65
398	1535	5
2212	25	111
289	206	3
119	1460	7
1551	82	8
329	82	8
907	157	14
2335	428	23
2384	29	9
71	1520	7
443	601	97
1704	1280	84
128	29	9
560	171	34
2255	433	12
451	925	34
16	710	18
104	1200	21
62	377	14
2074	1972	148
79	814	5
1090	1290	19
262	400	12
984	377	14
1109	406	55
160	2071	21
2367	146	82
2385	834	53
2034	1827	3
53	514	21
1150	170	24
669	543	21
10	1358	21
146	2367	25
593	170	126
735	572	5
1362	1987	35
557	2113	3
1145	699	76
22	777	95
958	2017	23
692	1532	12
725	2338	35
1353	834	53
2232	2386	17
234	233	56
594	679	51
1531	76	27
251	2237	15
882	807	15
1235	707	21
80	814	21
153	687	43
182	941	20
1009	1322	75
106	1930	35
1290	518	21
2195	10	95
699	790	57
151	1842	1
2000	29	9
1670	698	119
411	2115	7
1644	245	115
1013	155	44
938	162	5
117	198	23
103	1949	104
1250	1299	4
57	1549	23
1833	126	46
804	1481	8
227	471	10
1157	834	53
352	587	5
912	29	9
38	404	8
401	601	97
1072	1293	21
961	2143	145
324	280	21
145	1085	21
981	774	111
2178	60	52
125	76	27
399	29	9
892	622	12
287	29	9
1714	33	18
851	1128	126
212	705	179
940	146	14
1784	126	110
542	1152	57
1470	491	12
1889	76	27
316	754	23
797	352	5
1696	82	8
551	29	9
1524	2131	66
2133	29	9
692	29	9
829	532	0
256	599	21
1347	1929	24
1388	1415	5
397	875	65
2387	799	66
1764	76	27
1130	1068	3
501	146	14
182	899	65
899	588	12
823	425	26
247	185	59
330	903	54
546	861	5
1002	46	20
137	46	20
2388	2389	48
353	2238	3
907	1849	160
667	1828	4
276	840	97
589	29	9
1025	95	5
612	374	93
546	861	21
2327	76	27
56	490	8
771	2358	34
322	577	13
484	252	5
688	377	14
2390	29	9
405	1626	0
35	2391	16
0	1671	0
221	593	7
1503	170	30
1707	76	27
146	2268	35
899	234	62
2254	1758	13
581	602	65
599	255	5
1626	534	5
805	29	9
723	1353	76
2163	972	29
154	344	158
858	344	77
1117	29	9
629	1183	66
1929	2152	89
1648	1490	2
1331	29	9
726	128	21
624	2	14
343	170	83
1183	350	68
420	899	49
613	598	21
1603	633	22
16	99	7
37	754	1
886	2392	23
1829	1883	23
1112	243	4
842	404	8
682	29	9
156	965	34
906	350	99
514	1615	5
101	222	7
251	898	103
170	2393	6
557	1844	3
1688	391	47
797	979	21
451	450	44
641	331	54
178	16	34
2394	758	53
899	29	9
533	1568	1
575	126	60
290	29	9
142	1492	43
814	126	60
1306	1910	5
1322	2109	24
125	29	9
2395	385	35
16	231	7
677	170	46
369	790	21
1574	170	60
270	377	14
106	1319	35
482	738	0
1132	1090	23
664	29	9
1522	991	23
1183	629	68
1312	2297	24
127	29	9
1335	146	14
1312	29	9
104	905	21
1369	404	8
1492	1025	65
1871	423	5
1597	29	9
411	836	47
663	109	7
1218	146	14
1626	673	60
1407	358	73
1137	1742	5
518	346	21
393	398	21
682	456	49
2107	76	27
1741	76	27
174	1648	47
599	598	5
24	220	53
400	73	18
830	407	78
1793	146	149
908	909	65
1047	46	20
543	145	5
151	1229	1
1737	442	65
1887	396	42
1479	76	27
1638	2313	12
1382	430	80
55	1270	21
965	2396	7
1388	251	15
2262	762	5
1658	21	9
152	82	8
2270	306	69
528	2244	7
385	834	53
2397	1016	78
255	599	5
913	1684	5
2111	2333	61
567	322	79
61	770	7
22	635	95
783	19	8
481	155	44
1527	622	12
275	922	162
1054	1464	142
899	420	49
70	302	13
2273	1637	23
1524	1357	66
275	2398	16
626	1387	2
2107	98	55
2007	378	14
1360	968	41
291	76	27
543	1047	15
640	639	36
802	125	21
1218	377	14
1180	1579	8
1766	349	0
2129	46	20
753	752	21
16	274	7
2399	1318	59
18	134	39
1675	29	9
860	1425	9
1	659	12
707	1235	21
1218	404	8
452	112	0
565	138	41
2151	360	73
431	309	82
454	378	14
1039	939	113
2246	1815	0
320	1361	41
251	908	103
14	1247	3
1065	196	32
501	2	14
1845	2400	152
27	391	47
563	1390	24
1842	469	65
2401	1512	13
878	921	53
668	1882	18
104	29	9
1467	76	27
221	608	7
1474	46	20
171	201	7
103	170	14
459	400	12
145	1826	5
2102	377	14
712	2140	3
353	557	84
452	207	0
965	269	7
1180	1957	32
405	243	0
2326	78	171
119	69	7
753	746	5
815	760	43
2186	21	9
1121	21	9
1789	46	20
1235	53	21
42	170	30
153	671	15
1766	951	0
1462	1043	141
671	1387	42
2059	555	21
1264	1117	57
1151	350	99
1432	238	154
376	2	14
2402	948	0
907	2	14
594	549	51
1348	1224	5
1938	1007	132
307	1809	7
99	588	34
823	82	8
322	146	79
923	924	5
1791	126	85
149	389	23
466	142	44
1770	1976	61
860	949	21
331	591	54
832	439	15
843	71	12
2403	170	46
2268	2404	50
2279	2405	170
810	2406	51
2407	29	9
2408	1768	89
214	2409	35
2410	898	124
2411	834	53
238	2412	35
524	2413	140
2414	21	9
2415	358	73
2042	2416	57
2417	1085	18
2418	21	9
787	2419	142
2420	2421	35
2422	499	101
2423	360	73
1436	2424	119
2425	601	97
2426	82	58
2427	25	111
2428	29	9
2429	29	9
2397	2026	181
2430	834	53
2431	1834	17
2432	25	11
2433	416	35
2434	2064	57
1436	2435	119
2436	136	40
1340	2437	9
2438	2123	73
2439	1483	3
1864	2440	152
2441	203	50
598	2442	60
2292	2443	61
2444	830	3
35	2445	16
1174	2446	39
2447	29	9
257	2448	60
2449	1692	141
2450	1538	60
2451	1625	182
2452	1158	138
1675	2453	80
669	2454	24
2455	749	84
2456	360	73
1033	2457	12
2458	170	46
1444	2459	9
2460	342	58
146	2461	35
1436	2462	119
2463	481	1
1022	2464	15
708	2465	60
2466	492	3
2467	961	182
2468	695	18
1464	2469	60
2470	78	131
2471	449	24
2472	2313	12
433	2473	18
825	2474	15
2475	697	102
1371	2476	78
2477	792	111
373	2478	23
1572	2479	35
2480	2481	140
2482	15	59
2483	2484	80
2485	795	34
2486	792	111
2487	1443	46
835	2488	35
2489	792	111
2490	146	144
2491	825	29
158	2492	60
2493	987	57
940	2494	19
945	2495	83
984	2496	83
2497	29	163
536	2498	90
2499	1912	46
2500	1325	83
