183
0	22	0	115	405	452	482	576	827	829	846	1063	1074	1142	1461	1463	1736	1757	1766	1915	2041	2246	2314	2402
0	90	1	116	112	406	453	10	703	828	830	847	853	777	960	1025	1064	1075	226	1125	1143	1211	209	631	1341	558	750	290	197	1518	942	206	7	1604	948	1403	1289	740	1451	802	1421	1767	1299	1255	1131	1247	1617	427	1686	805	789	243	794	1897	464	1830	1832	2238	929	1527	884	1408	2113	1946	332	943	2220	874	603	1478	1166	532	1626	1671	738	349	1815	207	951	225	457	1918	2088	1257	1412	1982	1397	2217	1409	1202	1179	2132
1	13	2	37	151	612	1328	1410	1906	166	845	78	533	2463	195
1	45	3	38	201	343	661	1049	154	585	1338	1301	1015	1549	1309	435	1654	1044	1138	842	72	34	1154	1100	803	194	1282	122	1469	969	454	956	292	1053	1059	666	1842	754	1568	1229	481	1307	186	1565	1952	1172	103
2	24	4	111	337	611	651	1220	1232	1259	1399	434	1511	1552	1575	1648	1724	391	1814	967	2092	871	836	1886	1571	626
2	94	5	112	338	234	280	95	648	442	665	381	1006	53	1400	794	702	1022	814	1576	815	179	592	104	913	805	1711	656	1725	427	780	1149	456	460	602	1348	1661	1832	1120	1638	561	717	366	986	158	114	777	1515	704	1031	1269	767	79	948	423	10	2223	2071	953	1300	20	232	899	1829	1350	253	2316	1025	552	93	2057	2242	398	951	1490	1387	923	254	939	1118	1483	1134	108	50	2188	752	825	209	230	1855	249	393	852	1567	1327	1615
3	48	6	14	205	263	289	353	355	368	533	557	618	455	712	749	776	862	683	1036	837	1130	607	1280	1288	838	1420	1656	1704	1773	1843	2008	2034	2049	2072	2130	2252	2264	1550	2304	2099	2364	2371	2380	2439	2444	2466	1273	1373	2175
3	158	7	15	206	264	286	290	349	354	369	534	558	427	619	635	713	738	266	750	765	777	863	874	881	891	895	928	929	939	943	944	954	988	118	1037	942	1084	1050	1131	226	789	1182	1216	1255	1289	1327	1341	1347	1219	658	1403	1412	105	1421	1451	1470	1478	1001	1527	1547	951	1617	717	1657	1409	453	1604	1679	1686	1408	1730	192	117	1754	1755	1269	333	1257	1844	163	457	1674	1894	686	802	1375	1537	592	1378	1449	1982	603	1075	1248	2011	2035	853	1149	2073	426	64	131	1068	935	2087	1179	207	10	2113	492	1663	2166	2193	2140	1208	2204	1626	2217	1653	1827	95	197	1563	884	1302	2277	2238	230	1767	892	1064	1397	805	2197	332	828	1297	2365	1121	1358	2306	209	1247	1483	830	1211	1613	759	1125	1918	208	672	1897	243	2105	1946	1681	1250	2118
4	43	8	207	532	9	922	1020	1119	1176	1193	445	1503	1540	192	1638	193	225	444	1194	955	1541	1938	375	1302	1112	1021	1874	1713	1966	915	2280	2281	802	2040	338	1250	667	1913	1140	866	2077	2452	243	2157
4	40	9	208	464	225	695	993	1021	1194	444	1541	85	955	1639	1663	1591	243	445	506	1825	1300	1913	1176	2077	15	1297	2168	1966	882	192	1874	832	885	1020	1764	1503	1299	1828	207	7	1193
5	178	10	57	104	127	199	251	267	316	366	254	398	436	525	545	598	599	669	125	369	162	752	704	797	328	128	613	844	710	904	460	979	978	1024	726	1069	1104	1117	514	161	924	620	234	702	1067	1302	1025	1388	879	938	97	735	1479	1482	253	946	1349	255	526	1536	105	1458	249	1143	352	1297	1615	252	437	327	587	913	1742	1312	1029	1234	367	11	534	861	1878	543	200	256	1856	1313	1358	949	459	898	335	1022	58	1483	365	1826	692	1066	393	185	1110	1348	1276	615	1046	899	592	948	865	759	972	64	1415	572	95	49	116	507	1535	746	149	1336	2052	484	1526	1576	145	1225	852	1684	20	1910	225	2139	2331	745	814	617	506	796	226	1196	1899	1290	1350	469	955	1741	79	546	1626	1306	1871	1137	2262	753	923	1643	1200	423	649	1262	1247	762	160	414	346	1269	243	709	395	500	47	1599	582	2071	845	1293	2051
5	181	11	58	105	128	200	252	161	267	367	393	253	437	526	546	599	613	710	10	735	753	251	587	327	414	255	845	125	905	598	972	335	1025	1046	525	47	249	1022	923	460	1196	852	1262	1276	398	704	1247	938	366	1415	316	615	1483	254	1110	1224	423	104	1143	1117	1458	797	256	582	514	745	879	669	328	352	1336	1494	95	365	726	1234	1029	369	162	1626	545	199	796	1312	948	899	1069	1066	978	543	57	1482	1313	1358	1067	469	979	2052	1225	97	614	2088	949	617	2119	572	1350	484	946	1348	1024	1899	243	2139	752	20	913	2051	898	1741	2081	145	1643	127	1526	234	1200	746	149	1306	506	64	1137	507	2058	1388	1057	702	436	1878	79	1479	226	1856	225	692	1742	49	346	1826	185	1576	1535	814	861	534	1615	1910	762	1684	924	759	1536	1871	1599	1302	2262	2071	1290	116	1349	459	500	1529	332	709	1104	649	1297	160	844	1292
6	4	12	732	819	170
6	4	13	733	1073	2393
7	37	16	61	71	119	121	129	171	183	221	307	408	411	528	580	101	273	663	965	925	795	1191	1210	1018	588	772	1123	400	1676	392	174	180	2066	880	927	1078	610	41
7	194	17	62	72	120	122	130	148	172	173	184	222	308	100	379	409	412	493	515	529	581	34	586	593	734	742	806	821	851	277	868	900	966	969	329	178	661	1000	560	81	67	639	1174	1192	274	1229	991	1256	842	109	1032	1342	292	124	505	1076	1163	931	1282	1129	831	1447	501	1499	1520	279	1548	343	103	1589	466	783	1598	1426	1154	977	1677	424	1549	110	1321	608	867	69	1030	99	1650	813	1798	68	1823	1842	1624	823	1762	1114	1620	1054	888	544	1641	1888	1952	1964	785	1989	1047	1392	934	2016	2030	1044	154	1017	1924	1088	1201	1867	152	443	374	1428	812	718	1460	570	770	627	2163	1756	83	1133	1172	1002	1086	1809	2065	473	872	854	756	803	1774	18	1369	336	472	1800	480	897	341	1860	926	143	1307	201	1263	144	198	898	1009	621	1077	1568	156	804	787	272	1049	945	2115	231	2396	2244	269	1053	715	1652	781	1808	376	451	1195	585	140	1978	1685	1873	1139	579	439	363	2158	1271	300
8	206	18	81	150	165	178	94	194	314	403	184	489	596	72	389	728	754	412	684	842	627	124	956	841	1090	1115	1053	760	1201	1135	1077	279	900	718	1076	1364	1044	1430	1199	363	379	1460	1065	1480	1502	43	1447	201	1543	1227	666	1284	222	1620	1049	803	1002	851	1474	1195	1154	54	926	1699	1229	32	1589	734	454	140	300	1783	1577	1174	918	1809	1366	1849	1019	806	1873	298	172	858	299	62	1272	787	173	1772	1962	785	1795	1652	1990	56	1654	481	821	2017	38	1207	425	343	720	1964	1838	443	17	934	164	2115	1934	2124	2129	2134	2094	1192	473	1316	1979	1395	1549	2012	1256	859	1139	756	661	531	1100	428	435	1172	1650	1181	1749	1000	301	1507	593	1059	1370	848	1141	109	1054	1737	1586	1061	931	1369	2083	294	1798	783	1883	1197	2173	991	1138	34	480	1598	2205	586	1324	1338	1551	329	804	1696	152	1180	1218	823	1298	989	122	2392	446	977	130	715	887	1981	424	1127	1860	560	940	2065	1721	872	465	1789	326	2309	45	182	103	2198	625	1342	1393	198	1565
8	21	19	82	151	166	181	195	315	404	486	490	597	37	729	1471	1481	1579	1410	1701	1328	2184	2207
9	568	20	28	47	49	102	160	196	210	217	235	288	318	319	5	352	371	373	197	395	410	413	230	474	496	500	508	520	540	556	582	583	589	636	654	664	702	719	727	748	759	506	780	788	798	822	826	832	849	631	75	884	886	469	912	915	916	188	242	942	951	955	963	974	978	990	992	996	999	1038	1042	1050	456	1068	1072	924	1092	1098	266	1140	640	789	546	354	1175	1008	646	1107	901	1198	80	1209	1219	923	1222	1223	1248	1226	1257	291	396	1296	875	58	559	1359	1367	1235	226	1374	1315	420	1109	332	1424	1433	590	233	92	1490	1104	199	1150	1509	882	738	1283	532	1542	1544	1546	1567	1497	953	1473	1612	1619	1622	1067	1628	1644	1647	461	93	1081	1308	1680	686	495	1060	710	1708	26	1099	1380	1722	1726	1238	1531	1748	499	796	1300	1526	362	1764	1639	459	937	693	1777	935	1782	393	1237	1113	509	305	335	1389	514	775	1384	973	1802	95	1234	642	1184	1811	1784	1818	1400	1827	1830	240	1375	1848	1126	1850	1663	1854	1855	558	1861	324	706	1870	1871	1881	602	1326	561	1889	1448	1080	123	1893	746	1908	592	1910	995	708	145	1922	1595	333	1942	1116	800	1959	1253	1963	381	1966	1826	1971	249	1983	685	1626	1349	1012	252	1638	1993	2000	920	1306	2004	617	460	84	852	938	2025	717	442	2029	917	1921	2036	1293	1417	2039	1633	786	1350	1898	2059	2027	2064	2075	2078	1026	1601	1813	1439	1033	794	1230	2091	2096	1132	814	1445	1832	752	1479	1576	861	73	735	1143	1468	2006	293	2142	2146	599	2150	545	1734	2057	623	406	2160	1122	1091	1835	1255	1535	817	1561	192	258	1278	1348	2186	1085	707	2189	979	674	1700	262	267	53	1302	468	290	200	1574	1877	2157	830	676	327	414	1810	2220	1630	1412	584	399	1880	1387	2229	2172	42	268	1629	185	801	1829	943	2249	398	648	1186	1681	1891	722	2267	2217	2087	1613	2272	1313	2273	248	2276	866	1276	1409	1046	1297	2279	843	713	1643	2035	1515	2288	1825	1799	366	2291	527	784	1281	1998	614	1516	1693	555	1623	1066	2307	672	649	2280	1152	118	207	33	492	338	1483	1918	2327	1735	487	1435	1031	1796	1761	2332	187	1105	50	2335	1262	2340	1522	1519	1414	1856	1187	1631	1458	695	824	1645	986	1932	2354	2293	2262	1746	518	1785	253	2171	2058	847	740	2368	609	1449	2271	1859	762	206	484	2373	2374	1188	2167	777	2384	128	287	551	2133	692	2390	805	1117	1331	682	899	125	127	1312	1597	1658	1675	860	104	1121	2407	2414	2418	2428	2429	1340	2447	1444	1815	1236	1615	1149	1940	2188	709	1853	1247	1604	158	280	1554	2221	1730	286	344	2235	1545	635	808	193	117	364	44	958	2040	179	1446	1876	572	162	726	543	256	64	634	2140	828	669	2107	523	1212	2165	1274	1513	1371	1878	1225	1636	1242	1405	620	225	2416	1022	1378	77	1120	57	2015	724	1347	161	426	464	1529	55	2471	163	1711	2405	909	313	1472	755	1493	2450	479
9	15	21	29	48	218	236	372	1425	1491	1517	1805	2037	2086	2346	2437	2459
10	20	22	23	330	383	616	793	325	1039	1228	334	914	591	903	1642	641	818	331	471	227	2300
10	18	23	325	334	471	616	641	914	818	1039	22	227	1642	591	331	330	383	1228	793
11	46	24	630	711	773	820	878	677	1203	1007	229	1051	1314	747	1450	385	497	1317	1896	983	856	2120	2024	1988	1381	2183	135	2211	933	1353	2299	2329	2344	237	2356	2432	2013	1337	1241	1868	1401	2178	213	2236	107	1082	276
11	5	25	774	1204	792	2213
12	272	26	179	209	324	73	457	105	333	514	609	623	658	667	44	693	192	765	775	805	808	815	656	879	561	913	114	265	863	789	1122	710	1137	108	349	788	717	1179	832	777	93	256	49	11	1026	1247	1269	64	1278	1209	469	944	243	526	1068	127	543	496	830	1397	232	780	1417	1075	613	953	1473	199	1493	1497	703	1085	53	1537	1561	1563	423	318	1219	104	1445	1630	942	1633	1022	459	1653	474	1084	556	602	1626	492	1230	1723	713	158	1483	1451	253	55	1187	1435	1	456	193	196	1686	824	1045	338	1891	1741	1629	1918	1211	691	828	1945	1946	1149	461	145	1098	1290	149	1994	920	1558	1322	1302	225	1827	1276	1242	2000	280	346	860	702	948	2105	885	532	1349	2110	534	1635	892	603	592	1112	352	1811	1069	746	2154	1327	874	1882	882	640	738	1982	10	226	1824	1467	1583	28	1147	33	2085	949	2118	252	142	796	1742	1506	1734	1118	230	123	1657	919	427	2157	1371	1033	790	525	398	2298	1983	2081	634	200	2306	153	2055	1374	1444	1080	362	1350	1132	2343	1464	669	706	899	1281	1458	1126	79	438	185	2186	344	2188	1832	339	5	50	527	1226	1433	2190	197	636	1060	2255	262	692	1470	1638	1527	843	2472	1855	1513	187	1802	98	955	293	2204	726	2057	57	1813	1940	1861	1224	316	7	1412	648	2011	1547	1236	2159	635	2280	682	2354	939	506	206	1535	752	1336
12	64	27	180	63	71	400	458	475	485	101	610	659	668	174	694	171	766	528	491	816	880	129	119	433	1123	588	61	1144	1205	16	795	663	622	307	1018	568	927	408	1514	1532	1608	1418	244	1268	1688	1866	121	637	2063	2106	2117	392	965	2305	2313	1869	411	1191	2066	1570	2116	2457	1909	356	1258
13	82	30	285	302	386	347	678	730	764	778	930	238	725	1155	1260	1332	1344	1362	1376	1434	1443	1504	1279	550	1758	1407	1106	462	1927	1319	157	1958	1960	1968	13	2018	1363	657	322	177	577	513	731	2137	2148	1961	1156	2176	2149	1817	1377	170	1969	2222	377	2230	673	2019	387	1683	1951	567	60	1333	1941	524	2138	106	1611	2038	2254	70	2401	2156	65	2177	2231	1345	1396	1928	1944	1791	126
13	84	31	126	70	387	60	513	731	157	779	567	170	1156	1261	1333	1345	1363	1377	764	673	657	550	65	1759	1396	1330	1434	1928	1930	1941	1155	1961	1969	1279	2019	1362	1504	1683	386	285	322	678	730	177	2138	1319	2149	1960	2177	2148	1951	1376	106	1968	522	2231	1443	2018	2254	1817	930	238	1332	13	347	1429	2137	1791	2366	577	1758	302	1512	382	2038	2176	2230	1344	1407	524	1927	2339	462	1611	2222
14	99	32	69	113	141	156	152	62	301	317	321	323	376	394	446	412	501	454	531	505	562	579	593	624	655	688	570	716	336	770	812	854	907	769	964	984	989	1129	178	43	1218	94	529	1233	270	481	1298	38	1335	1411	1406	1426	969	1370	1474	851	109	137	1565	681	1586	1607	940	1307	1756	198	1776	173	661	182	329	1934	897	345	1979	1127	771	2102	1867	403	2180	1507	700	1699	1875	3	2007	397	1249	934	231	742	133	103	1925	1441	781	2017	470	154
14	25	2	70	87	157	146	170	377	378	447	502	643	567	13	1160	524	522	1434	577	1429	370	302	2233	2287	657	2079
15	192	33	92	185	117	297	438	479	543	587	620	670	142	636	784	920	946	402	291	95	746	1031	669	1022	1132	552	367	200	1217	808	93	192	108	573	1306	252	753	697	805	265	726	1458	583	97	53	251	1278	422	1025	196	913	1621	875	105	814	1622	388	762	50	909	646	899	442	704	1643	1794	1796	1212	680	1350	1225	752	1707	1576	293	459	556	1583	469	514	357	1464	1949	398	500	193	815	1187	98	327	1880	2032	1636	338	396	932	2080	240	1784	1117	2101	709	1567	1587	1150	1149	1336	649	2118	623	2107	1560	456	77	128	1631	1627	1672	1230	706	1110	598	780	745	1446	1735	149	1861	1734	2087	1184	1623	882	352	2278	484	420	865	2208	986	123	55	145	551	1219	1435	979	1060	561	1387	1045	1445	414	574	702	1388	153	832	825	849	1837	328	1799	1415	256	280	1024	366	525	339	1725	727	1270	371	602	682	225	57	1829	2091	248	1858	1926	127	344	919	613	305	436	1526	797	634	599
15	171	34	110	186	198	298	439	480	544	493	621	671	715	363	785	222	947	38	991	277	1030	1032	1047	1023	803	1133	809	1172	251	581	872	1174	62	898	109	1339	854	274	900	1441	269	515	851	812	1181	897	284	600	466	1065	100	397	501	813	1624	472	1129	1620	908	1717	1737	1762	81	806	336	443	681	130	374	1364	294	103	1163	1011	194	931	804	1088	1192	279	1978	505	94	473	122	56	984	1520	850	1641	1589	1460	1887	842	2082	1549	173	54	1823	1307	184	1480	1502	182	150	292	1774	401	1195	409	1685	627	83	586	896	68	867	579	1044	454	1009	1124	1286	133	137	1867	1324	43	1351	124	144	343	760	1369	1154	1548	1507	172	1492	918	2237	807	2464	2474	1086	1282	1964	470	769	2309	1677	2016	858	562	1842	1054	841	1980	1002	323	18	1781	140	428	1201	1015	1256	412	154	272	1177	2012
16	4	35	275	541	1352
16	43	36	276	542	983	1051	1052	237	1353	1401	1450	1609	1438	699	1695	1747	1868	1584	1914	1592	630	2024	1295	2047	2076	839	1007	2196	2236	1398	1988	1907	2178	2214	2391	2398	2445	497	1325	107	1082	1070	2369	385
17	6	39	1101	1833	1453	2232	2431
17	5	40	1102	1834	2100	2386
18	66	41	63	16	356	392	491	516	547	622	119	795	668	588	970	528	580	1268	816	1144	1418	408	965	101	180	1476	659	171	766	1514	1573	400	71	1608	1018	1714	568	985	1869	1909	121	880	27	1205	1765	129	61	1866	1123	2162	610	663	2240	637	2116	244	694	2313	2106	475	174	1532	411	433	485	2417	2468
18	168	42	64	93	357	95	420	492	200	108	349	114	656	796	817	885	192	971	1026	1080	727	249	50	280	1290	534	948	953	388	179	1477	49	1219	860	830	55	1098	1583	193	1187	158	469	104	1308	474	1068	1629	514	225	832	1302	362	955	199	1126	1494	717	1389	1022	26	230	207	127	1435	993	1137	920	1350	1	2055	2057	1327	805	740	53	2085	5	1276	1224	1403	825	145	543	682	11	28	777	942	944	339	1269	648	1742	815	765	1384	556	1033	525	1120	636	265	1878	496	92	1433	1963	913	459	2306	879	461	1444	1322	1638	254	243	59	892	1541	2298	1031	2157	703	1811	456	153	929	1149	1891	427	1940	667	924	1663	1861	780	592	2255	1547	710	33	73	1882	1085	695	2473	1832	1336	2220	142	1540	1945	506	1824	923	423	1069	702	338	939	344	1202	1387	2472	1515	1633	291	123
19	27	43	345	466	1114	1393	38	1342	1256	804	848	182	515	1888	1090	1447	56	172	100	164	940	298	1654	1263	505	596	721	1530
19	16	44	346	467	932	1394	1290	456	1217	1899	55	726	706	2494	224	2032	1112
20	185	45	103	182	100	241	274	284	343	3	428	454	470	472	511	515	605	608	184	99	466	848	940	945	982	900	1015	1053	1054	81	1180	1181	1207	1061	1009	1263	54	684	625	562	1392	1395	451	501	956	194	1487	977	1124	1192	389	1551	1568	397	1129	172	1652	1589	1256	62	336	858	688	403	756	1172	1139	1044	570	991	1218	1808	1783	394	173	715	1316	231	1925	1076	700	489	223	308	2003	887	666	1685	1565	141	473	279	1980	480	639	1985	165	1934	1338	198	67	1324	446	720	1721	154	754	1169	812	1298	2158	122	1873	1586	1849	872	2012	272	38	32	294	984	1114	2244	851	2094	531	888	804	1502	1952	1135	1077	1492	621	1174	34	760	1507	769	1393	728	2102	560	143	152	770	593	1883	164	72	1321	314	989	133	1271	544	596	1013	1002	137	1047	2129	1474	1789	1466	159	1651	1520	1480	1115	896	2124	1696	109	579	1411	68	1065	721	897	124	1023	785	2198	1197
20	6	46	204	941	1427	1569	1698
21	278	50	79	161	187	225	49	253	255	327	364	11	267	461	468	506	346	393	572	573	614	249	675	691	53	500	543	745	789	469	707	686	899	923	514	460	948	357	920	316	986	1005	305	1029	735	532	1066	1081	1120	1134	1022	589	1126	710	104	1200	752	726	252	366	1224	1230	1234	1235	254	1292	1297	280	1312	913	1348	1358	436	55	598	1031	149	1408	105	1415	128	158	1060	1467	1084	145	599	313	1388	293	1529	1236	1535	746	892	939	1269	592	1574	649	1104	1143	162	97	1626	615	1225	574	256	802	953	1671	938	114	423	456	414	1247	484	623	291	1643	437	381	602	1026	949	1085	692	1742	1799	1468	865	233	153	365	127	1832	1350	395	1290	987	1137	796	142	20	905	1911	369	620	352	852	286	1741	1684	442	932	266	587	1349	546	192	1482	1262	1302	349	1110	240	1516	972	2051	243	1276	2071	613	2081	790	860	2059	98	10	125	1871	398	232	919	777	884	102	1850	332	879	1878	1631	669	1118	603	1973	814	1250	759	1072	123	57	2052	367	825	2139	946	64	1558	2119	1470	762	371	80	1472	1965	815	1856	924	1217	979	797	1198	2188	1623	1826	507	1576	116	234	526	561	1293	1813	1202	459	555	1219	525	2330	1067	727	617	1306	1132	1389	93	1313	667	1270	582	1761	160	324	518	753	5	1622	861	188	740	2114	1810	1025	1196	1483	1024	206	1336	2280	1409	1458	545	427	1942	197	942
21	284	49	80	162	188	226	243	254	256	328	365	369	460	98	469	507	518	574	615	617	676	692	707	709	514	746	790	468	161	860	623	924	53	938	949	10	953	240	972	987	1006	899	459	572	206	1067	393	316	939	1118	381	102	1084	145	1178	266	125	948	759	1202	127	752	97	1225	1029	1236	398	1293	582	1313	1234	1336	1349	11	1060	602	79	267	599	865	192	1409	253	1200	1388	802	815	1458	1468	613	789	1516	366	456	395	592	532	1558	1312	1022	1599	47	1415	534	669	614	1643	1623	573	598	357	349	1479	367	735	1684	1235	293	128	1302	825	461	436	1761	1472	1081	232	364	543	1250	691	879	1467	50	1031	1230	1810	1813	414	1270	1269	104	1529	1196	986	526	437	255	1856	1911	149	1799	1826	1358	904	1117	142	726	114	979	1132	1965	1576	1973	1850	710	402	587	1126	352	1224	1348	545	1483	1066	814	1247	892	946	920	313	2052	753	1389	160	686	2088	634	423	1026	2114	1350	1832	346	1134	442	234	1482	1671	93	1025	58	2051	852	484	1198	2188	1137	1110	187	942	252	207	199	5	603	2059	286	796	923	1292	467	797	291	1622	1387	1290	506	64	1741	777	1262	1526	116	740	745	525	1871	105	1386	249	1910	158	1120	561	913	233	95	2280	1297	2071	280	1085	861	905	555	762	1574	1219	332	649	153	620	1878	1276	1494	884	667	225	1069	1615	305	1072	123	2119	1408	1631	427	546	2081	55	2335	1742	974	2139
22	10	51	548	632	1043	1465	2033	2334	1603	1564	1692
22	2	52	633
23	231	53	55	98	123	158	163	197	266	268	291	293	305	225	199	33	399	442	456	523	538	555	563	584	145	93	680	726	755	786	800	543	917	937	609	232	1008	849	1012	1022	500	1060	338	1085	1113	352	1187	1212	1226	1242	1253	780	552	953	636	1235	1300	1306	1308	706	1315	335	1405	1435	1445	248	234	1378	1515	1519	254	357	825	1348	162	1188	1576	796	92	1629	1636	1522	1693	1080	682	920	669	364	1126	1583	1230	640	1734	80	685	1386	240	188	1516	1270	1224	727	459	149	1859	642	1877	1880	919	255	57	817	436	832	546	468	808	1331	972	1861	1147	393	1619	1132	1219	2006	1458	1893	267	1966	1414	438	20	280	499	2107	242	1994	1038	1276	1535	1479	583	2167	2172	258	324	602	2110	620	469	514	128	978	398	518	257	1853	313	709	414	1508	1983	1143	1741	899	1761	179	1099	2283	1631	2293	1184	1854	1473	77	1150	572	187	127	604	719	461	2000	1472	1638	1248	674	1974	634	1895	582	495	1889	2273	2087	2378	1767	2335	958	117	316	886	1829	373	1826	2298	118	2159	615	460	1723	420	826	233	193	1433	327	362	702	287	1643	656	2428	2188	2091	1735	2374	1595	1468	2330	551
23	226	54	56	99	124	159	164	198	269	292	294	182	323	329	363	72	443	326	539	274	564	585	144	625	681	687	515	756	787	103	803	918	934	165	231	1009	1011	1013	1023	858	1061	1065	505	1086	148	1124	1169	984	343	1227	529	809	110	1271	1272	68	1301	1307	1309	401	1316	1406	1364	172	671	1466	451	1324	1076	1141	1172	1530	553	18	222	100	1559	1127	728	1426	298	1637	1000	1197	1685	403	1721	596	1047	1395	684	964	1772	1774	639	896	1789	1338	1717	854	1822	544	389	1809	1607	1286	897	1860	868	1875	579	666	1460	655	562	241	1933	1138	1441	379	586	501	1981	1321	2007	1783	1017	900	1480	1207	2048	1641	279	647	624	1181	1342	34	1088	194	17	867	1962	812	1447	425	2173	511	715	1883	1487	1502	1059	823	152	1135	2219	1979	480	785	1737	2003	1839	1411	593	1428	1114	184	173	1154	804	1849	1090	1978	940	43	982	734	1781	470	1520	1838	2244	1842	742	2198	769	718	428	2017	1549	754	2392	991	2478	560	1174	1192	1053	270	2012	300	1177	608	1756	120	122	1649	277	621	721	473	1776	62	94	81	716	907	661	38	1654	956	1032	1565	977	2065	1795
24	173	59	73	125	131	197	344	381	75	509	559	590	634	656	672	674	724	741	767	861	866	648	958	636	1121	1162	955	582	286	706	995	1371	1375	1387	1299	1269	1202	1419	233	316	1506	459	708	1526	399	790	884	1234	1152	1645	1126	208	1318	1444	1033	631	1778	1804	414	1824	1862	1874	1595	192	333	249	1597	305	1939	623	709	1472	905	899	1110	1995	1663	456	335	92	722	1898	599	1068	1147	1764	1785	1563	1626	686	105	492	2157	2159	1540	487	1971	261	1853	2027	1235	825	802	886	1308	993	2216	2218	1876	1711	2221	563	654	2235	313	1026	258	1257	726	1503	47	2058	207	2295	95	474	1467	1554	1515	232	710	1917	1825	1713	1576	556	280	892	230	2171	1226	527	1150	1347	1322	1312	669	2471	937	423	1022	1574	1248	805	234	161	1099	268	80	1315	1735	2447	1297	540	499	713	1723	11	1643	357	1613	1184	744	1519
24	69	60	74	126	132	170	382	510	285	2	657	673	725	768	959	876	1173	1243	1372	214	1206	1452	449	1528	1390	1413	1646	1664	1709	1779	106	250	347	86	1330	1972	1984	1996	975	2108	2135	2009	761	2202	2151	311	835	2338	1251	2352	238	2357	2266	2351	2310	1929	2109	2297	2454	873	737	2056	2349	378	2028	2377	643	763	1614	1538
25	47	65	87	309	322	416	497	522	157	577	447	415	936	1056	1185	70	567	1285	732	524	502	13	1683	1353	1279	36	1429	378	690	2026	1434	550	2038	1161	643	930	1450	764	146	1082	1052	542	377	2	302	432	2147	1264
25	7	66	88	310	498	578	696	2367
26	11	67	424	718	425	823	68	2173	771	515	1962	1589
26	11	68	425	823	718	424	2173	67	1962	1589	771	515
27	181	75	149	73	287	242	423	575	603	708	740	852	11	905	495	1033	448	1107	1029	1116	262	357	1184	1246	1274	1008	1414	131	1472	738	268	286	1255	255	1625	420	1661	802	1601	1212	464	1826	1829	1835	1847	26	1853	1827	518	1882	713	20	929	748	551	1923	1236	1821	1940	1152	1583	1223	1292	1237	258	1998	1748	814	118	1150	545	1137	1604	1109	805	587	2133	438	104	1700	2165	1746	461	2190	1134	210	335	2006	1516	42	235	352	1615	1270	2258	208	2271	1965	574	636	1253	532	1802	881	1066	953	328	367	884	2188	786	1081	97	1269	825	369	254	2335	2217	1464	49	1554	1296	1400	1574	288	1785	240	526	207	540	1531	125	1889	1764	2327	1707	2107	1741	1479	291	1467	1388	1576	674	631	972	2298	1658	161	2407	2273	602	2193	552	2429	1856	332	1813	1509	436	1312	327	1725	986	885	187	1830	460	117	55	2142	817	1643	2397	719	1591	442	1858	1187	2084	584
27	1	76
28	8	77	487	1222	1853	923	305	1248	958
28	3	78	488	1953
29	23	83	91	144	409	908	813	1048	1282	1305	478	439	947	898	1600	493	581	2163	2491	1133	1163	245	1301	292
29	41	84	92	145	256	909	919	318	620	1072	1255	814	1237	1522	801	1147	1331	514	1735	979	1895	73	587	613	602	484	1140	1574	1799	866	255	2302	972	825	2059	598	852	1583	1644	1300	291	456
30	32	85	339	649	973	499	1281	1112	1026	59	1209	706	1299	1120	1926	1663	2053	1221	2036	1591	2040	2096	1367	1136	1503	42	464	261	1810	1318	1668	185	574
30	15	86	340	650	170	1413	1442	1618	725	975	2054	2228	1666	2289	1929	1709
31	4	89	169	2145	482
31	7	90	1533	450	576	1736	1757	482
32	46	94	277	553	841	1044	756	1286	931	1335	539	627	1849	2082	562	270	43	120	473	1032	2124	466	501	1888	1402	1981	888	1620	1607	1256	600	470	443	1065	1180	1369	1756	1009	1307	586	1543	1685	1017	1654	1076	1492	314
32	26	95	554	1045	1283	1287	917	509	1784	1957	1031	339	371	942	1630	1025	1118	116	1563	50	1858	2101	196	2197	2118	1374	895
33	3	96	494	1745
33	12	97	495	1294	943	332	1226	406	1219	1601	1375	286	1516
34	103	100	137	272	277	771	593	783	804	897	109	781	926	639	279	977	1017	813	1077	945	586	1201	1284	152	194	742	544	515	991	900	1596	1271	1460	1307	17	1800	222	1369	1867	1044	1520	1798	439	1139	1339	803	1195	734	1163	1364	2065	45	1952	62	2016	1677	531	493	1549	69	470	1762	842	231	274	376	1342	934	1781	581	1000	908	1823	868	68	1172	505	201	443	1589	1842	1129	292	409	1032	172	661	560	451	156	178	99	2485	1086	186	1962	198	341	103	1925	821	1282	34	1002
34	40	101	71	273	411	772	528	61	183	174	925	927	663	1018	408	1078	171	221	307	119	588	1191	41	1765	547	16	180	356	400	516	2066	1573	795	880	580	2063	129	2358	1123	965	1210
35	62	106	146	215	177	652	736	819	997	214	1329	1073	1454	170	387	1498	1572	1580	1605	238	377	1715	876	1751	1768	567	285	1028	347	60	1944	1252	1611	2067	1903	2095	835	13	690	250	2156	1928	1319	2125	132	2152	1512	1083	2	462	513	737	1362	725	2395	2420	2433	1836	2310	378	1413	1071	157
35	137	107	147	216	281	653	737	70	678	747	1330	1381	952	1455	1325	1489	876	1512	1303	1562	370	385	417	1606	126	1320	1705	1716	1353	1752	1769	566	1401	1793	311	1797	237	1733	513	1027	1106	1831	1079	1710	1907	835	214	1251	1610	2013	1646	1791	2068	502	1111	347	2098	1438	1594	711	689	2010	1896	278	2155	382	1385	2164	1919	2178	1534	571	2151	312	285	1970	2206	2209	652	2214	2026	2248	2274	1960	2301	463	512	2325	1582	2339	839	2348	1317	2019	2353	1760	731	213	1678	1987	2338	1930	2268	1319	2409	2412	2421	416	2461	2479	2488	2199	2310	1944	2009	739	757	86	202	1241	2337	2109	1285	1070	2147	1709	238	1929	1407	2395	2408	1346	2024	1666	2079	1173	1779	2018
36	16	108	396	682	670	706	344	1837	648	395	561	882	1529	916	646	640	1022
36	26	109	397	182	1351	1641	721	154	1086	1887	1985	69	140	769	1015	1721	401	1197	1044	150	1717	639	671	539	1023	803	1980
37	3	68	897	336
37	2	114	1336
38	21	117	149	551	884	507	1234	459	1876	1112	230	332	1341	552	1147	1675	1150	2140	1029	798	20	338
38	21	118	242	552	881	1112	459	798	507	2140	1341	1234	332	338	1150	551	2193	1675	230	1876	149	1147
39	14	133	301	681	688	481	1577	1781	18	1174	1090	621	1559	2158	1441
39	4	134	1581	2446	2324
40	21	135	189	229	933	1317	1534	1385	1710	1970	2161	1051	2199	2275	2013	1157	1896	2344	2383	2436	2294	983
40	2	136	2382
41	15	138	521	320	139	1360	1720	1500	1416	1266	968	2127	1361	701	565	1343
41	14	139	320	968	138	1266	1361	1416	1500	701	565	521	1720	1360	1343
42	36	140	223	231	505	560	647	100	401	931	1197	1023	1428	1447	586	72	1474	298	443	425	133	67	389	1286	1589	69	412	1114	858	1842	109	1530	1887	671	94	198	1207
42	27	108	224	232	456	561	648	706	932	1350	1448	1457	1796	726	1899	467	1840	762	2032	1926	617	344	1022	469	396	1387	1359	1219
43	13	142	265	388	450	153	297	857	815	1170	422	1911	2093	1936
43	84	143	198	336	389	451	299	700	122	156	858	867	1002	897	888	1088	1059	859	1195	1249	1304	298	806	1139	1342	150	314	868	639	113	148	152	133	715	379	269	501	625	1749	2094	329	1772	421	1781	1141	596	100	926	1044	279	1980	687	1964	141	1201	1392	194	272	1637	1426	887	54	564	769	600	1867	647	466	1492	760	56	1685	2007	770	159	1565	1466	1952	718	2244	472	1809	1199	1015	1256
44	59	152	154	421	481	314	887	888	1054	1141	1370	1492	1304	56	143	926	133	721	1637	1749	1520	639	1059	760	1199	1124	1249	783	1201	120	742	1044	1023	1565	728	868	858	1139	896	279	1875	1195	194	851	1002	600	150	1197	501	1013	451	466	1809	859	734	269	1952	897	329	68
44	15	153	155	422	450	265	815	1055	388	142	857	1750	1991	1911	1170	297
45	4	167	190	998	1539
45	14	168	191	1014	1097	1267	1275	1334	1682	1788	1879	1916	2070	2126	2263
46	34	169	1337	1533	1787	1510	704	994	1931	1757	482	1285	2227	2010	1752	1087	2318	2319	1058	839	431	2199	696	747	1833	677	2403	2458	2487	2499	88	2145	1170	757	297
46	15	170	1377	1413	250	1751	2296	2320	737	2201	2233	2310	126	1443	1912	132
47	42	174	27	244	390	433	568	588	458	985	1258	1210	307	475	1570	1205	411	1688	1191	1418	1608	491	63	659	119	580	816	1268	965	925	1514	2116	392	663	101	273	1532	622	1714	221	1144	1909	408
47	23	175	111	391	434	4	836	1259	871	1571	1220	1232	626	1648	1997	1814	1511	1399	2092	1886	1724	1552	1575	611
48	5	176	177	930	13	2388
48	5	177	176	13	930	2389
49	52	192	252	149	802	469	117	899	603	1149	266	727	248	935	456	5	604	413	193	1150	1675	459	1785	551	1109	1029	1827	1384	242	232	206	1126	995	118	1234	552	369	1378	262	163	1341	884	414	801	420	682	64	1408	1026	484	790	258	332
49	53	193	484	20	242	935	118	459	884	1150	117	413	1384	1444	682	258	469	414	727	801	1675	1681	552	262	1368	230	369	248	802	1026	1234	995	1029	1827	551	149	1785	1408	192	332	603	287	604	1109	899	456	420	163	266	232	252	1409	5	1341
50	5	202	1159	839	2268	2441
50	2	203	2404
51	6	211	810	705	1231	594	2315
51	7	212	811	549	679	595	1010	2406
52	22	213	237	571	1070	1398	1381	202	1841	107	1438	1353	385	1833	1907	747	312	2301	2342	169	2178	2013	1241
52	11	214	238	132	1071	106	736	876	1572	60	347	285
53	56	219	503	644	677	757	833	441	933	1082	820	1157	1264	312	1584	630	747	1450	1398	1763	1609	497	699	1988	1159	1907	1285	1203	1521	36	296	1007	237	1401	483	2043	1051	711	229	535	856	1353	2381	2385	2394	24	385	878	2411	2430	1705	2445	2275	542	1295	1695	2369
53	15	220	504	758	834	950	921	1158	1475	40	1694	1423	2234	2290	78	2355
54	20	227	330	383	228	660	22	331	616	591	23	334	325	793	903	1738	641	1039	818	471	1616
54	21	228	331	22	23	660	471	903	793	1039	325	641	818	616	1616	1642	227	1738	591	330	383	334
55	54	230	257	602	603	149	233	826	1099	1109	556	192	1237	727	332	1122	200	49	406	801	123	1084	258	20	1899	825	234	1830	2243	266	992	1847	459	287	802	1663	1341	1746	426	923	255	1767	1811	2107	1126	1230	1026	634	935	604	986	2171	917	210	1238
55	56	149	258	200	604	230	234	20	986	935	49	420	1238	255	1341	825	602	556	210	1109	1847	603	257	5	1850	1270	1899	727	233	240	1126	1230	123	1084	1767	1746	332	520	459	1811	426	1122	287	923	406	98	266	992	2171	1889	802	1099	1026	1830	551	634	1237
56	21	233	444	1109	1435	1746	1829	540	49	293	727	935	254	520	1368	261	234	1711	584	445	1898	543
56	20	234	445	1368	584	520	257	1898	293	49	1270	1109	1711	1746	1384	233	254	1435	444	540	1467
57	57	239	312	441	483	497	535	751	864	994	36	1052	542	1314	1317	229	1379	1385	757	1438	1450	1592	1401	1157	1353	1398	1744	699	1857	1752	1609	2010	2042	2043	2069	2103	677	1082	1763	2211	2294	1521	1710	24	711	219	2369	1264	2434	2493	237	856	1970	1285	820	1914	1705	833
57	104	240	313	257	484	527	199	131	865	995	1152	540	26	648	456	1318	1326	1331	1380	1386	695	1439	713	1545	1593	1627	1631	1067	1700	1713	986	305	1741	1661	127	707	1509	1821	318	1858	253	1467	1828	762	1187	1388	93	2027	640	2044	1971	817	2139	1038	1468	1940	2000	116	5	1025	1746	1726	1234	1431	97	162	1966	1501	1859	514	973	1134	10	602	2262	1889	500	95	1560	1012	73	993	1226	291	790	1117	2416	2064	987	1636	1236	1008	2084	2154	1297	1898	617	58	64	8	1583	1359	1613	556	642
58	20	245	341	380	478	1048	1323	91	439	1706	1901	1823	1499	1215	1282	813	2241	2426	2460	1305	1924
58	8	246	342	82	1456	1471	19	2005	37
59	10	247	361	1034	1590	1792	2062	2097	2045	2399	2482
59	22	248	362	1035	1147	1587	1591	1786	1713	1104	1527	971	706	1874	2245	2362	1828	185	1318	15	1554	2291	1026
60	144	249	335	414	448	499	642	573	762	527	741	381	901	268	207	1091	1105	1136	1186	1188	1213	5	675	1389	316	1494	1513	1519	1388	744	1595	1613	1209	805	1734	1126	790	1784	338	1711	905	1184	1840	474	258	1856	131	955	161	339	1921	479	1932	1668	932	1092	892	2002	2015	713	520	1645	1813	979	1735	2058	912	28	1292	509	909	1544	2174	1336	2101	865	623	10	1601	2157	2114	738	1576	2255	1917	2262	1068	532	2032	935	1312	587	987	1874	1347	2317	114	2051	1110	540	2167	1419	1723	232	2119	636	1283	545	640	575	814	1574	1626	598	257	2450	708	1464	158	2216	230	445	552	125	615	47	2273	1415	1467	1149	1746	797	1147	648	589	102	319	233	92	1680	669	802	1235	1995	1942
60	55	250	170	449	510	126	763	132	382	902	975	1106	1277	1390	1452	1538	1594	1614	873	1664	1413	650	1173	1751	959	1986	1987	673	2028	463	1646	2050	2056	2181	1330	2226	86	657	2266	2287	2297	1929	2349	1912	2377	1919	2442	2448	2465	2469	2492	2351	1836	2454	1243	1996
61	19	259	429	980	1003	1095	418	1382	1440	1495	1689	2111	2153	1093	2089	889	2292	1675	1770	1485
61	26	260	430	981	1004	1096	519	1496	1690	2112	2128	2136	1900	890	1094	911	1486	2285	1702	2323	1731	1976	2333	2443	419	1954	2453
62	21	261	258	332	230	801	802	634	825	459	20	1126	1942	234	1412	257	899	266	1109	262	1576	604
62	23	262	257	333	459	802	801	825	634	1109	230	1445	266	420	1238	899	1412	258	234	1126	261	2293	5	335
63	19	270	299	465	720	68	718	271	1177	1284	172	1402	363	1009	425	1589	515	67	300	424
63	19	271	300	721	67	424	270	363	1402	1002	1284	299	1177	465	1321	515	1589	68	718	425
64	13	278	1320	1760	1919	1992	2009	2098	1173	2337	1303	86	370	1709
64	8	238	106	60	347	214	835	177	215
65	93	279	62	505	140	639	684	397	809	813	807	671	1163	284	72	409	109	854	562	898	1339	1009	493	130	897	198	1650	292	137	1307	277	81	1781	947	1030	1717	803	1888	1172	1426	231	621	850	401	443	1549	272	2016	83	1887	154	851	1364	529	804	1762	1088	539	2237	1351	1823	1737	1054	586	363	186	681	544	1964	124	1015	54	1133	991	1369	581	56	182	1492	908	1842	38	69	1809	1201	501	274	1499	867	984	515	454	1044	842
65	103	280	93	456	108	640	685	396	636	814	882	248	1164	192	399	255	1306	57	251	649	1008	587	913	1336	1219	1576	1672	986	1446	1643	1526	240	1110	1022	746	646	648	352	1118	1187	552	500	1936	1026	620	327	402	726	602	265	704	1735	1583	1031	752	2118	344	1458	946	357	123	1464	2208	252	670	1350	817	697	79	185	680	727	153	1149	484	1536	852	142	95	1627	256	55	117	1225	979	875	899	1025	909	442	469	338	815	780	105	479	845	128	753	745	598	2278	706	2080
66	12	282	350	1310	1356	477	1484	629	1524	304	2259	1892	2387
66	31	283	351	1151	723	1311	1357	906	476	799	957	1525	1588	384	1662	628	1245	1108	1043	1771	1801	303	1148	2033	1103	2131	1183	2170	2286	1404	698	2212
67	2	295	2225
67	4	296	2020	1584	2043
68	11	303	906	1245	628	351	799	1148	957	2170	1183	2286
68	6	304	629	350	1484	2259	2387
69	4	66	39	1510	2270
69	1	306
70	15	139	320	565	701	968	1265	1343	1266	1360	1500	138	1361	1720	2143	2127
70	11	311	238	214	835	106	285	876	1572	347	60	2144
71	22	326	3	69	109	140	68	336	1887	1577	67	1430	156	1474	647	1839	1699	1551	1979	397	771	2083	1985
71	4	146	2	87	567
72	13	347	876	214	432	952	311	835	60	285	238	106	1572	657
72	6	348	877	1016	1087	1585	962
73	50	31	359	417	440	739	883	1111	1566	1582	1659	1739	1277	1929	1999	2046	2060	517	2108	2122	1377	2179	1836	673	2215	2261	1396	2284	87	1413	2328	1498	2345	2347	2350	2359	2152	1968	1407	2151	2415	2423	2438	2456	1443	876	819	1206	2185	1345	1580
73	3	358	360	2123
74	10	370	517	952	1206	170	1346	2	577	126	1073
74	13	230	518	459	149	682	20	1008	206	1150	1234	286	2193	1675
75	12	374	1321	1351	1369	1447	639	184	401	1009	982	2158	1002
75	11	375	1322	1119	1828	1448	640	1560	402	1359	479	1020
76	14	384	530	698	476	855	1240	723	957	1145	1183	1662	1291	1189	906
76	14	385	36	699	747	856	1241	1521	1052	497	1450	2361	1353	276	1868
77	22	401	184	1023	1721	38	1086	769	1307	1980	1887	480	154	539	1530	1013	639	854	94	858	1015	397	231
77	16	402	1560	1022	682	1837	395	1306	396	479	344	648	1112	1012	640	1359	232
78	22	249	631	961	1040	1035	978	1597	1601	9	1593	1150	1315	1147	1226	800	830	2397	1371	352	1741	971	1918
78	8	407	348	962	1041	1488	1016	1585	2476
79	7	415	378	146	416	566	322	567
79	9	416	930	13	566	1279	415	567	322	146
80	21	418	722	889	1093	1485	1675	1440	1095	429	1003	2089	1382	2153	980	2111	1495	1770	259	2483	1689	2292
80	29	419	519	723	890	1094	1486	1702	1096	1890	1954	1690	2090	1496	1900	911	2194	981	1976	2112	1004	2285	2136	2182	430	2453	2484	2128	2323	260
81	11	426	686	1165	1378	1444	1518	860	1368	1297	1755	1478
81	7	427	1	1166	1894	1977	1397	1674
82	2	431	2367
82	23	432	524	157	416	2	2038	302	643	87	1056	13	70	567	146	1683	65	378	309	930	550	2026	322	577
83	69	435	593	859	600	109	896	769	1100	1135	1138	1199	473	1324	144	1395	421	194	173	1696	1229	443	721	539	94	991	1298	2012	868	1090	1952	1962	274	1402	1000	1783	284	2115	1520	150	1181	231	1263	1822	900	1201	1076	809	579	323	625	854	343	945	984	2500	982	122	326	1392	1272	681	363	1197	401	1781	428	1316	454	1808
83	19	170	2	869	517	1206	1303	1325	126	1697	1739	959	673	1390	1372	2351	2495	2496	132	657
84	26	289	606	683	837	838	1273	607	1391	1550	1420	1740	205	1656	1280	1955	263	2021	2175	2034	2256	2264	2376	1704	353	2455	2371
84	17	455	607	557	838	683	1373	1288	1280	205	1956	2257	6	14	1036	749	776	2364
85	10	462	1319	1354	1944	1817	1329	1836	1791	1655	1512
85	10	463	1320	1173	1303	1816	1106	739	126	1602	2206
86	16	216	1173	1528	902	653	1602	739	1816	1950	1320	2250	2310	2206	86	463	1489
86	17	215	1354	285	1640	652	1655	1836	1817	1951	1083	1319	2251	214	1512	177	462	387
87	2	473	1015
87	2	378	2
88	9	476	1103	723	2141	1588	632	1043	1692	2033
88	2	477	282
89	19	512	1610	1330	126	1816	1819	2151	1106	1602	1173	2336	1111	1929	2408	1303	2351	417	1987	1455
89	16	513	1611	1329	1791	1817	1820	2152	1655	1354	1768	2095	1944	1363	1580	1362	1454
90	9	536	295	1555	1244	1947	96	1427	2225	1432
90	24	537	782	757	1453	1505	1510	1556	1660	1948	1058	2031	845	704	2232	2247	169	2270	1101	251	2043	2321	2275	542	2498
91	9	549	679	1010	595	1153	811	212	1712	2121
91	18	550	377	447	378	146	1161	1429	157	13	522	2	764	2147	416	690	567	302	87
92	4	566	689	2079	1594
92	4	567	690	157	13
93	12	569	486	1365	1632	1687	612	1863	1937	1431	2001	1665	714
93	29	570	718	1139	1366	173	329	301	897	1076	133	1985	605	931	120	184	1795	443	110	1199	1867	1749	1061	781	374	1000	821	859	966	1369
94	1	202
94	1	203
95	8	591	793	23	471	22	227	1039	2195
95	19	592	794	830	1208	116	1299	759	1897	208	1200	2242	1815	777	10	635	1368	2218	2088	95
96	7	594	705	1231	810	1872	211	2315
96	6	595	212	549	1010	811	679
97	38	600	781	839	1007	1059	1199	1295	497	1651	1753	421	1795	1904	1450	1070	542	1052	661	454	1195	585	687	1353	231	2268	1398	483	1401	1086	443	401	276	2425	751	2214	2047	24	270
97	3	601	840	1905
98	15	626	871	967	337	836	1511	1648	1552	1399	434	1886	1232	1259	4	175
98	27	627	872	409	1133	194	493	1649	908	62	182	734	336	585	1174	1086	593	898	1989	688	544	1282	841	1201	1364	1978	1867	813
99	11	628	303	1183	1245	1151	1108	384	799	1771	906	957
99	4	629	304	350	1484
100	6	637	1078	694	516	71	61
100	3	638	950	21
101	3	645	1729	2422
101	4	646	532	499	1671
102	5	662	1553	1743	2192	2475
102	30	291	496	1554	1635	1658	444	262	1829	755	393	1844	784	1230	242	923	1647	532	1478	992	5	1741	254	436	697	398	1247	830	253	1313	556
103	7	665	704	845	251	1214	89	1931
103	25	666	144	807	831	1154	1171	1215	1469	91	1677	1762	2022	341	1163	2322	380	898	908	439	245	1323	1499	850	1305	2016
104	19	586	397	1002	1667	897	454	110	1192	803	103	100	1059	684	1017	1887	274	172	133	539
104	9	697	875	1278	1668	2278	1587	1949	2208	1621
105	16	369	824	1378	1918	2110	558	722	2243	327	2193	1149	882	456	444	1829	1663
105	8	302	2	1206	725	2185	170	126	1413
106	4	35	1422	275	541
106	8	714	1423	921	2099	2234	834	1475	950
107	30	717	892	738	672	592	1131	1250	1449	905	830	1327	1815	895	759	230	225	131	2088	2197	1478	116	2218	1050	1844	1200	1358	1946	290	1299	1767
107	9	616	383	903	228	23	471	22	330	793
108	6	743	898	947	1823	850	380
108	6	744	752	946	402	328	89
109	41	760	769	605	608	299	1076	470	1369	783	1507	1598	363	1272	1139	1650	277	1883	1135	858	133	1174	1271	465	394	120	2198	2205	1772	473	1002	2309	721	842	1192	1015	1649	481	1543	32	272	56
109	5	78	976	1355	1803	2308
110	20	492	805	892	865	333	1767	1663	105	1179	954	1389	1784	1626	884	95	1068	2306	847	1250	556
110	14	761	873	673	170	382	975	2009	1390	126	1413	2266	146	1912	2357
111	35	791	1062	1148	1189	1404	1564	1240	1780	1801	1245	1920	1967	1004	1603	1557	1145	855	723	1043	2200	2212	799	628	2260	351	2312	1692	1291	2363	981	2427	2477	2486	2489	698
111	5	792	774	25	1204	2213
112	11	799	957	1108	906	384	1245	1151	1771	303	628	1183
112	4	629	350	304	1484
113	9	818	793	616	1039	383	903	227	330	325
113	16	7	1001	750	1211	1674	960	2132	765	243	2341	1679	948	2306	1037	939	2011
114	11	727	268	843	395	232	346	1315	98	1529	1290	1597
114	11	843	98	727	1529	1576	1290	1597	268	395	346	1315
115	6	327	1226	1255	1644	328	484
115	4	850	245	478	898
116	2	870	1794
116	2	421	1195
117	10	893	657	86	2	1377	1206	170	370	2201	126
117	2	894	1239
118	11	752	753	1623	1164	1536	1526	328	1910	1350	946	746
118	12	898	1030	1624	1163	1924	1133	1762	850	2203	130	2016	947
119	3	910	1436	1670
119	19	911	1089	1437	1557	1486	1291	1775	1900	430	2182	2224	2303	1920	698	2424	2435	2462	1145	1864
120	3	921	220	950
120	9	922	825	1531	1636	1544	1897	499	602	1012
121	6	1019	277	1339	454	421	1548
121	3	649	1446	870
122	12	1027	1079	652	1251	86	1396	1407	1779	2282	216	1489	1793
122	8	1028	387	1083	1252	177	876	146	215
123	1	1057
123	1	1058
124	13	1110	192	1188	801	946	999	1526	1672	753	2410	1622	252	745
124	6	947	898	292	1030	1624	1133
125	12	266	332	1276	1237	1084	899	604	1238	1829	459	1341	257
125	12	1126	1341	899	1238	603	1276	802	1237	257	230	332	1829
126	12	1127	1426	579	531	109	2102	1441	133	103	593	851	301
126	4	1128	170	1581	134
127	6	1145	1189	1291	1240	855	698
127	4	1146	1190	1254	1459
128	2	1159	1747
128	1	203
129	6	1167	1673	1718	1943	1665	1365
129	5	1168	157	1719	2125	2326
130	6	331	1228	914	591	227	793
130	6	591	914	1228	331	793	227
131	4	66	2227	2470	2375
131	2	976	78
132	12	1221	1294	532	1290	1713	2154	57	1938	1840	971	1540	346
132	11	856	251	829	297	833	878	2370	1007	388	1082	1453
133	3	8	1431	444
133	2	1244	1432
134	2	444	542
134	2	88	498
135	3	1159	839	1401
135	1	203
136	3	1127	68	1933
136	4	1270	1242	546	1576
137	6	834	1158	78	504	1423	921
137	5	78	834	921	504	1158
138	5	1340	2040	1194	2452	1193
138	2	1158	2169
139	5	1355	1523	1803	1807	78
139	8	2	157	447	764	377	87	1434	2001
140	13	302	1303	1602	768	126	1528	170	1377	432	524	2480	2310	902
140	13	1383	1145	1603	1976	1183	957	723	260	2379	2413	2481	1564	1662
141	5	1462	1634	1691	2074	2449
141	7	632	1603	1692	1043	2033	2141	1564
142	7	1272	842	374	17	1088	1054	787
142	3	1464	1707	2419
143	10	1109	603	459	2171	1084	1830	230	1026	801	935
143	9	801	1084	230	1026	603	727	459	2171	1109
144	18	1473	1508	1703	1770	367	1963	924	1778	2253	2311	676	2490	1035	1913	1248	2373	847	108
144	4	2	146	377	87
145	6	1501	1318	1917	1939	961	1526
145	11	1360	565	1266	320	968	1361	521	2143	1416	1500	138
146	1	705
146	5	502	146	302	13	378
147	2	1577	2083
147	2	1578	2084
148	12	1167	1665	1669	1462	705	1902	2074	1863	2324	1718	134	1673
148	12	1429	1666	657	1377	1903	1912	382	1528	1972	1279	975	1434
149	7	1678	566	1562	2109	689	1779	1793
149	4	690	567	146	378
150	3	146	377	13
150	4	705	810	211	594
151	5	1727	2045	2061	2265	2062
151	4	1728	2062	2023	645
152	6	1731	1845	1851	1864	1884	1437
152	12	1732	1846	1852	1865	1885	911	2136	2269	2333	1920	2400	2440
153	3	1609	1101	2375
153	5	1733	1528	87	2	146
154	3	1432	1244	2239
154	15	835	60	214	311	2014	876	1572	1279	146	2	106	736	238	378	2282
155	1	1790
155	3	276	1353	1314
156	3	690	157	930
156	3	689	2079	2372
157	2	1806	2104
157	3	1807	1355	1803
158	4	858	562	1860	154
158	2	344	1725
159	4	1812	1167	1673	1365
159	5	1431	1168	2362	157	2326
160	7	1838	300	821	159	991	907	1474
160	7	1839	1620	781	272	329	1849	553
161	1	1039
161	1	1642
162	1	275
162	2	1503	922
163	2	950	2497
163	1	29
164	1	698
164	1	1892
165	6	308	150	1192	133	1181	443
165	4	1446	1726	1567	1490
166	2	1935	1299
166	2	818	793
167	10	285	387	106	1083	690	1028	214	652	177	215
167	9	1528	1489	1320	653	689	1027	2310	86	216
168	5	1974	2187	2053	843	1998
168	3	1975	2054	2360
169	2	2023	1806
169	2	1903	377
170	5	993	922	2279	1119	2405
170	5	922	993	2405	1020	2279
171	4	378	690	1434	2326
171	4	976	2191	1523	78
172	5	723	283	1588	530	1103
172	1	1790
173	2	388	571
173	2	170	132
174	4	988	777	1257	1935
174	2	616	818
175	1	1729
175	1	2045
176	1	643
176	1	2210
177	1	192
177	1	592
178	1	1239
178	1	894
179	3	549	212	1010
179	3	211	705	1231
180	1	1140
180	1	484
181	1	2397
181	3	2026	432	415
182	2	2451	2467
182	2	1625	961
