142
0	83	0	21	173	216	282	298	318	25	325	337	61	415	24	365	475	303	514	526	574	578	89	601	248	158	342	138	84	669	705	31	382	308	575	293	254	701	672	748	808	556	414	455	119	552	744	531	276	231	71	764	472	880	456	200	565	391	269	366	444	550	950	592	465	300	801	848	713	77	988	989	992	11	194	632	682	518	629	628	150	700	460	557	367
0	22	1	22	174	217	283	33	319	326	338	262	43	321	538	157	670	421	307	454	193	863	953	568
1	87	2	49	106	159	241	285	336	348	38	360	136	394	422	449	484	499	547	501	409	580	393	586	213	608	508	622	244	651	386	667	232	205	721	710	759	675	143	412	511	316	100	170	466	725	821	392	353	879	885	17	507	616	874	420	906	582	773	923	739	537	245	76	410	895	425	761	539	687	564	1037	596	943	1017	671	271	122	312	799	44	638	115	960	8	668	958	594	807
1	12	3	50	107	204	37	361	381	215	636	649	886	1023
2	92	4	68	90	101	120	142	167	229	237	276	48	303	99	352	385	337	404	258	480	359	506	365	342	550	566	571	518	532	603	604	366	150	467	641	595	682	11	24	151	718	652	273	744	462	71	463	485	32	736	31	648	827	834	840	444	854	16	631	82	752	81	931	10	771	259	523	346	755	970	673	269	531	290	770	951	289	990	446	617	993	1003	1016	573	1057	1091	158	782	487	728	483	89	977
2	89	5	69	91	47	121	143	213	230	238	122	44	353	358	386	271	403	410	507	511	537	542	551	567	502	499	422	596	599	594	409	299	392	622	671	684	696	702	692	719	17	333	745	360	582	102	320	425	486	651	182	759	26	835	841	244	482	316	869	721	783	393	928	315	937	943	739	955	960	322	434	667	773	762	983	100	710	447	725	821	1017	866	1033	616	476	418	466	477	1032	412
3	15	6	379	389	141	779	797	572	932	968	1020	1026	1078	1083	722	28
3	1	7
4	6	8	309	517	105	473	166
4	2	9	36
5	55	10	31	86	79	87	32	144	52	64	208	267	269	304	71	341	339	387	218	268	273	289	11	597	323	367	178	40	227	713	666	496	21	286	162	342	181	700	347	598	770	151	99	506	366	25	633	373	593	150	120	145	672	80	51	438
5	53	11	32	87	80	99	31	145	162	181	268	40	70	342	323	373	286	304	438	267	10	225	496	64	598	21	347	269	666	672	273	506	227	25	387	51	341	633	178	597	229	150	208	713	367	700	86	339	151	366	120	79	52	218
6	6	12	146	461	13	147	810
6	6	13	147	146	12	461	810
7	17	14	0	92	211	351	623	325	99	763	764	128	861	926	952	1079	404	977
7	5	9	212	311	588	36
8	5	15	88	828	1013	1029
8	72	16	89	222	242	254	391	427	481	518	498	562	563	573	611	298	373	673	701	708	713	732	162	191	52	780	390	127	351	723	829	467	848	859	662	74	901	125	120	626	31	446	935	124	652	90	961	304	178	736	435	994	717	1030	1040	1059	1068	1092	323	463	700	377	251	73	682	505	898	92	465	598	794	480	282
9	23	17	76	100	47	420	559	332	537	285	152	671	799	350	596	29	499	278	502	594	8	721	651	403
9	9	18	75	169	296	729	800	862	548	914
10	10	19	262	22	33	368	56	568	217	500	1
10	13	20	263	329	357	95	569	590	691	836	844	177	66	600
11	19	23	81	82	251	492	269	771	882	496	755	736	252	673	116	365	90	31	662	24
11	19	24	82	116	252	39	81	40	365	397	31	673	662	251	90	771	496	736	755	23
12	7	25	62	314	21	294	816	576
12	45	26	63	315	121	466	354	536	159	537	665	245	677	657	360	133	507	549	616	762	811	205	469	386	678	69	350	449	824	582	333	332	393	17	122	299	638	958	594	858	8	1017	787	502	583	511
13	3	27	371	772
13	16	28	78	130	370	372	439	757	760	722	922	765	572	873	1050	1081	947
14	31	29	94	170	354	152	213	469	519	392	581	582	434	507	332	473	837	232	100	719	923	106	394	536	804	5	91	508	551	638	969	583
14	3	30	41	753
15	15	33	43	104	157	56	500	538	454	820	653	174	321	421	554	193
15	59	34	44	105	299	322	409	434	67	186	501	508	469	539	545	619	106	583	725	256	244	168	677	773	2	783	580	787	567	5	874	899	348	38	320	156	837	895	57	945	948	232	332	969	392	94	799	997	999	542	1032	710	841	849	692	594	55	91	315	502
16	3	35	310	513
16	11	36	311	42	103	640	680	474	408	9	602	881
17	6	37	204	226	361	41	30
17	21	38	205	214	115	393	241	26	580	739	149	418	473	312	799	710	773	245	943	360	482	837
18	15	39	40	289	4	647	101	754	151	142	617	648	652	460	865	427
18	16	40	39	101	617	648	269	289	276	652	273	865	4	647	460	151	754
19	2	41	30
19	7	42	488	9	36	881	408	680
20	62	45	74	134	171	191	178	339	345	153	401	436	452	227	544	367	481	593	433	562	650	598	480	575	685	652	289	723	441	791	279	595	460	802	282	522	497	304	919	218	552	54	778	717	222	976	963	977	732	377	229	337	496	777	300	163	915	87	39	940	48	1060	840
20	23	46	75	135	172	306	340	9	402	437	453	228	548	510	612	661	296	747	18	924	235	169	784	1061
21	14	47	309	416	100	409	622	582	473	152	581	699	508	675	824
21	13	48	153	417	191	366	349	345	415	727	254	337	674	915
22	98	51	24	70	79	150	191	209	218	259	162	64	99	346	304	366	441	448	455	142	483	490	498	509	531	487	387	61	289	506	208	605	120	632	341	323	40	367	144	10	71	467	365	427	48	598	606	11	723	181	80	31	736	73	286	229	556	227	74	298	782	456	700	595	342	294	339	82	438	21	25	496	273	442	87	187	633	430	921	81	385	210	52	269	116	89	597	86	347	32	1052	373	225	532	491	151	746	770	976
22	98	52	61	71	80	151	25	210	219	142	286	289	323	347	64	367	442	456	467	491	427	444	86	532	298	24	225	120	259	496	606	506	430	633	269	21	48	145	11	40	87	483	498	597	605	273	187	31	387	79	32	746	51	162	181	770	782	666	294	448	487	89	341	74	373	81	218	10	191	531	304	441	366	99	723	342	632	713	438	82	623	209	672	736	700	70	595	598	346	976	339	73	490	150	208	229	365	227	1052
23	4	53	343	584	1004
23	15	54	344	400	443	565	585	714	254	897	936	1005	391	717	650	382
24	26	55	256	320	91	44	350	354	186	477	501	156	787	581	168	508	895	105	392	545	837	964	434	874	677	2	332
24	13	56	295	321	33	43	421	193	929	157	454	104	965	820
25	61	10	167	137	270	277	300	273	259	153	0	468	25	485	150	305	21	575	652	68	674	617	325	727	71	736	478	723	254	276	148	82	490	366	935	349	951	918	4	11	364	854	151	375	532	342	90	615	294	142	467	595	1031	700	1043	637	331	806	480	191	506	977
25	56	57	168	136	271	278	301	333	392	309	447	26	322	486	156	230	583	5	17	675	710	477	724	152	581	244	182	186	699	393	482	586	409	312	580	350	582	594	315	91	502	44	469	849	542	69	616	787	773	213	434	879	332	121	374	100	412
26	8	58	406	743	891	910	940	1024	1005
26	4	59	327	234	110
27	3	59	110	1048
27	18	60	96	111	201	272	281	376	445	25	380	185	362	239	779	579	609	822	706
28	11	64	112	660	720	733	750	242	216	390	286	704
28	8	65	113	524	175	274	275	525	911
29	9	66	95	114	357	527	600	624	691	844
29	16	67	55	115	253	94	186	44	434	625	692	703	241	849	168	536	322
30	14	72	179	445	450	334	693	281	839	826	644	429	1070	758	1038
30	19	73	180	446	187	346	438	99	743	385	475	682	349	1058	1090	533	523	723	598	1084
31	51	77	85	195	227	290	183	359	48	411	457	436	463	497	203	515	552	331	349	662	717	191	726	401	708	518	39	456	777	778	743	831	219	593	827	480	900	337	915	954	442	300	181	802	1060	598	1031	723	732	90	565	481
31	16	18	75	196	228	291	302	453	510	402	548	296	805	784	1012	1061	800
32	2	83	41
32	2	84	433
33	3	93	399	711
33	3	36	9	103
34	24	97	206	36	135	9	470	288	503	356	639	18	103	75	825	155	893	971	266	659	1011	1027	46	1008	884
34	41	98	207	93	328	334	399	471	474	504	212	36	355	640	646	695	711	730	756	769	103	822	826	235	154	925	972	265	287	658	1010	1025	1006	1047	1087	1088	108	1009	872	72	570	883
35	39	102	166	256	257	312	17	418	409	336	354	476	479	517	549	582	630	47	657	687	696	350	320	665	638	599	545	394	581	613	870	899	49	105	684	980	1002	1015	332	783
35	8	103	9	36	75	474	588	730	776
36	43	108	117	220	284	384	464	495	535	558	570	644	429	737	740	741	751	207	781	185	281	845	875	894	902	930	944	72	966	991	362	1038	1042	1053	1074	1080	445	609	758	904	1039	471	909	896
36	4	109	118	221	1034
37	21	43	157	193	174	307	1	421	454	321	33	368	338	19	319	295	217	262	863	670	538	568
37	37	119	158	194	231	308	365	293	382	31	150	273	460	465	337	269	415	704	366	61	632	200	578	167	801	456	254	216	592	300	485	748	565	414	25	248	880	342
38	10	122	412	143	761	2	476	564	353	870	94
38	2	123	823
39	21	124	248	92	591	628	669	249	433	694	697	731	541	282	887	818	436	986	1045	672	562	423
39	17	125	249	395	541	592	629	92	591	698	180	697	818	898	933	987	459	282
40	23	126	199	246	396	451	529	560	607	620	634	642	656	712	742	790	803	815	132	941	946	1028	1049	1067
40	43	127	200	247	390	397	419	242	377	557	561	460	64	621	635	279	14	505	261	463	258	812	775	859	456	720	903	709	181	587	871	73	176	715	216	61	967	1071	1072	750	465	921	526	498
41	91	128	138	163	116	377	54	423	435	459	80	84	487	522	24	523	417	540	577	411	444	419	127	618	631	655	347	688	498	81	585	715	701	728	748	752	61	219	672	171	774	112	802	557	697	635	465	846	623	704	871	14	888	892	647	907	908	662	181	481	279	605	64	648	339	178	1000	1001	385	1036	1051	1056	1058	1066	1069	1073	1084	990	23	475	791	223	0	936	89	505	1040	344	404	225	731	632
41	8	129	139	378	424	614	716	889	927
42	3	131	132	656
42	4	132	199	742	620
43	32	133	245	213	354	502	333	582	594	668	360	122	583	332	783	787	824	17	866	394	811	692	322	807	449	121	69	507	232	8	392	159	511
43	8	21	294	576	25	192	917	314	1055
44	33	136	156	244	230	374	469	26	447	278	350	508	482	5	581	392	499	425	91	787	186	309	332	409	542	301	724	616	29	100	434	168	849	315
44	35	137	151	71	305	375	167	0	277	349	337	82	150	276	727	483	749	755	90	806	618	187	153	331	366	342	300	325	857	736	4	191	637	21	532	11
45	2	140	877
45	2	141	779
46	1	148
46	1	149
47	3	152	133	309
47	3	153	462	406
48	1	154
48	1	155
49	4	160	788	794	981
49	6	161	789	795	779	962	982
50	7	164	202	260	292	867	942	956
50	27	165	203	261	293	505	709	61	475	905	912	225	936	465	585	957	959	963	978	985	200	1035	705	606	460	252	455	24
51	3	175	525	843
51	3	176	200	1041
52	11	177	20	66	590	527	624	329	600	836	569	263
52	24	178	225	279	280	64	444	595	664	48	181	382	286	252	167	70	918	736	967	304	456	138	880	1075	387
53	1	182
53	1	183
54	1	184
54	4	185	429	546	758
55	6	186	236	55	156	1063	57
55	6	187	258	10	150	151	1064
56	5	9	36	42	103	640
56	5	188	543	512	814	850
57	2	189	432
57	6	190	388	686	785	920	973
58	10	192	239	493	576	201	706	294	25	243	21
58	5	83	240	494	676	707
59	3	197	111	243
59	6	198	9	103	224	1019	800
60	7	214	236	530	156	792	67	1089
60	4	215	50	226	636
61	2	223	611
61	2	224	75
62	13	232	244	332	564	638	115	105	675	44	630	581	613	143
62	1	233
63	4	234	327	59	842
63	38	235	169	264	324	9	335	383	407	408	474	488	516	18	521	311	548	680	683	75	784	819	588	838	46	612	730	103	924	881	42	172	995	602	1006	1022	640	135	510
64	4	243	1055	1062	847
64	2	41	30
65	5	212	250	9	640	738
65	6	250	212	405	738	640	996
66	8	255	113	524	275	525	65	852	274
66	9	65	525	275	255	524	274	113	175	852
67	4	265	658	756	872
67	4	266	659	97	36
68	6	273	330	61	11	967	1046
68	2	41	30
69	6	274	175	65	113	275	524
69	7	275	274	175	852	65	911	113
70	3	188	512	850
70	3	35	513	310
71	15	287	228	9	98	832	855	18	893	335	503	311	680	602	833	856
71	15	98	18	440	287	833	856	228	503	602	893	680	311	335	832	855
72	11	153	331	349	472	615	674	700	727	337	415	366
72	11	152	332	350	473	616	675	699	581	508	309	409
73	1	288
73	1	97
74	5	296	46	1077	640	838
74	2	297	534
75	2	72	108
75	1	46
76	4	172	296	18	830
76	4	313	572	722	161
77	12	316	434	678	469	17	853	168	665	958	559	121	182
77	6	317	637	679	375	809	726
78	1	301
78	1	300
79	5	355	504	883	914	1006
79	5	356	503	884	913	1027
80	4	295	554	653	538
80	1	83
81	24	362	458	570	579	281	860	896	826	904	471	737	445	930	117	894	1021	1039	1065	741	822	185	769	220	839
81	3	363	7	793
82	18	91	309	312	482	100	5	586	213	122	804	511	699	508	807	879	47	152	667
82	16	364	153	74	82	191	575	490	303	367	601	700	337	1043	48	736	552
83	3	193	500	56
83	1	369
84	2	380	111
84	2	18	75
85	6	9	602	680	36	488	881
85	2	41	30
86	3	274	65	525
86	2	398	843
87	7	413	409	170	622	34	100	545
87	7	414	592	417	349	163	191	591
88	16	425	502	807	616	761	106	469	539	938	26	278	392	122	34	1076	230
88	10	426	468	857	890	780	939	277	998	305	1044
89	2	428	974
89	7	429	902	909	384	781	975	546
90	2	66	95
90	1	369
91	4	430	112	632	203
91	3	431	775	984
92	2	40	39
92	2	39	40
93	2	41	30
93	2	30	41
94	3	477	773	710
94	3	478	868	918
95	4	413	484	416	170
95	4	484	413	170	416
96	3	489	766	370
96	5	72	429	751	758	220
97	2	520	681
97	2	521	743
98	2	520	681
98	4	521	405	9	103
99	4	49	613	687	980
99	3	75	18	553
100	3	172	75	1054
100	3	528	269	229
101	1	533
101	1	534
102	3	520	627	681
102	4	103	212	288	474
103	6	49	394	479	91	613	804
103	2	553	876
104	6	555	699	665	675	482	393
104	5	556	700	367	116	148
105	4	587	1031	289	963
105	2	75	747
106	1	589
106	3	213	38	858
107	4	609	429	546	362
107	4	610	83	798	878
108	9	439	654	765	78	873	934	922	757	28
108	1	27
109	2	180	626
109	2	626	180
110	1	9
110	3	543	512	850
111	5	97	949	602	1085	9
111	1	643
112	2	53	343
112	2	645	689
113	11	201	207	202	847	260	864	471	1082	239	111	695
113	5	135	206	75	470	18
114	2	533	690
114	1	281
115	1	663
115	1	241
116	1	40
116	1	460
117	2	310	513
117	2	512	543
118	2	142	544
118	2	544	142
119	2	734	767
119	3	735	768	796
120	2	766	795
120	1	184
121	2	572	947
121	1	772
122	3	786	216	1069
122	3	113	274	275
123	1	608
123	1	531
124	1	489
124	1	813
125	1	494
125	1	817
126	1	133
126	1	360
127	4	851	916	828	88
127	4	30	41	1014	753
128	2	872	756
128	2	36	97
129	1	625
129	1	77
130	4	274	911	525	65
130	6	635	216	750	1007	286	387
131	2	872	756
131	2	36	97
132	1	913
132	1	914
133	3	850	188	543
133	3	513	35	310
134	1	64
134	1	398
135	1	250
135	1	979
136	3	981	861	788
136	4	982	1018	779	789
137	1	392
137	1	9
138	1	1008
138	1	1009
139	1	1009
139	1	1008
140	1	146
140	1	46
141	2	697	251
141	1	1086
